000450
005718
001567
002069
006628
004996
001259
004504
002452
002812
004531
005247
004776
001680
003398
001286
002523
002234
004907
005748
003177
004313
001708
002760
007162
006892
006585
006495
006494
003659
001147
003671
005674
005994
005343
003612
001634
005993
002413
002434
001637
002299
005115
007227
006931
006207
000668
000342
003979
006855
001021
000612
003096
001671
000606
001487
002959
004394
005299
004851
005031
003994
006677
006755
000264
002225
001246
001239
003019
006504
000398
001653
005714
000126
000900
003858
000926
004747
000815
005071
002614
004245
007201
002538
001703
002310
000976
005903
000603
004119
006345
001309
002524
004782
000783
003364
001283
002362
006287
003498
003809
001989
002254
002675
007012
004214
002216
004324
000997
001979
004679
004992
006163
000245
005083
000265
003268
003902
000104
005462
002978
006636
005773
000517
003105
002650
005405
003171
005675
001715
005683
002469
006310
002042
006028
007322
002986
004018
001980
004999
004115
005987
001415
003895
002693
003640
006685
002049
006539
003215
003267
005322
003683
007260
002598
006730
002245
006206
004263
002513
000760
000905
006450
006900
002497
000149
001207
001871
004769
000581
003641
005336
007210
001952
002378
004784
000823
006739
006037
005016
004385
006843
005180
006134
000615
006619
005328
002569
000346
004848
004652
002066
004648
006580
001804
000630
005186
001137
002351
005284
003769
006105
000360
004143
007101
002580
004675
002395
000156
004525
003047
000787
004139
003465
000279
002305
004226
000544
000833
003787
001252
004456
006139
003124
004168
003335
003142
002230
004320
003467
007177
002444
002051
001734
007407
004158
005609
004658
004069
006399
005153
003033
003243
002674
001299
001160
003924
003611
000814
002063
002646
000683
004432
000495
000397
000896
004428
001400
004619
004462
005696
003881
007240
003288
005158
001492
002491
002475
000563
001141
005546
000020
000036
003351
005876
002921
001832
000428
000083
001773
005003
002923
002723
001478
004350
003634
002843
005665
005659
006214
003526
005628
005444
007429
005250
005662
001910
004821
002974
005433
007305
001966
006896
000221
004294
006391
007068
004857
000113
005778
006838
004435
004785
006723
004626
000098
002268
003043
006713
001232
006659
006693
000979
003436
005459
002817
005384
002146
002261
000802
006477
005391
002899
003556
002902
007370
007006
006073
005075
003427
003643
003129
000439
004302
004485
007346
005487
004191
002917
001855
004806
003082
003628
000226
002316
003820
007133
006469
000362
006325
000671
000934
000348
003560
002275
006069
004925
003238
002829
004787
003908
005509
001971
004363
003246
005128
007288
002521
000791
005798
000572
003070
004673
006380
006051
001193
003802
006956
007005
001617
000271
001496
001793
006694
003482
003595
000293
004177
001542
006841
005057
000813
004046
005700
005528
006500
004423
005495
004360
005055
004176
001222
000181
004496
000700
003666
005732
002319
001463
004144
006538
004574
001512
006592
006918
000491
004357
005990
000216
005836
002850
004339
005775
003173
005027
003201
001168
005375
001811
003835
003397
007468
003973
001464
005490
004361
000578
001564
006640
003442
006092
007079
006259
002949
000131
005443
005984
003259
003866
003674
005397
006742
000754
007047
006528
004327
006846
004997
007233
003732
001570
002135
002209
006562
001754
007362
006187
004580
005313
001395
001657
002771
001973
001265
001636
000848
002749
007158
002344
004801
006638
004278
000077
003977
000481
003125
005192
002186
006680
007449
007439
004416
005784
005269
003938
003401
005983
003256
004547
001999
004963
004880
002918
001045
001611
002077
003361
005103
005440
002276
000824
006157
006664
002112
003348
003153
004349
002729
000953
000263
003149
000458
006371
002610
000270
006165
004337
004572
003278
003649
000701
005285
005211
004889
003076
000547
003263
001951
006581
000524
005890
002013
004419
002266
005622
005070
004198
003409
002391
006173
004633
001425
003227
000904
000480
001399
001123
006719
004651
006364
005512
007403
001712
006032
005560
001263
001121
000267
005927
002920
001627
006550
002893
003407
003304
007119
000204
000189
006484
003610
002407
006525
003007
001917
000702
001374
005931
000031
002231
005157
002167
003613
001336
006663
000705
002822
005839
001750
004149
002355
005889
004595
001002
000382
000609
005196
005436
002145
002465
000044
002623
000406
004943
003819
002604
002481
004990
000918
002152
003617
004874
000176
001735
006464
002359
004732
004763
004726
003936
001467
007474
005500
004614
000897
001475
000190
000649
001592
003567
006372
002240
005946
005735
000592
006826
005333
001990
007213
005895
002322
006772
003854
001340
002151
002576
002782
003017
001845
004870
004463
002120
006080
006803
002251
005232
003970
001170
006410
006624
000237
004178
006865
006695
005932
003536
000425
003823
007312
001136
000720
005259
006222
000936
006825
004269
006873
004657
006815
005120
006284
003775
003739
006859
005210
006055
005137
000579
001538
007028
003383
006914
005369
007027
005708
002673
003494
002656
002857
002443
006770
005365
007234
003952
004783
000125
001235
003899
001183
004232
002688
003825
005906
002072
006498
006096
002377
006351
005330
000660
006010
006434
006091
000706
000710
007460
003240
003931
004023
001919
006600
004708
007034
000167
004348
003085
000463
005098
004717
003146
005740
005730
006196
000322
006384
001732
003001
006437
004229
002621
002589
004009
002783
004757
006082
003203
007367
000067
005111
002940
005625
004558
004855
002390
004015
002686
001585
000089
002026
000214
005448
005303
005634
001310
007127
006890
002032
000471
000828
004133
004548
006275
004803
001934
001695
005205
007472
003955
001620
006376
001879
006489
000761
001458
002383
003916
002417
007137
006714
000992
006328
006718
006715
004431
004979
000969
004919
001529
000477
001877
001994
003024
003062
005178
006746
006146
004152
002368
007314
006236
000965
001041
003253
003594
002002
004895
002380
003481
005596
006991
002428
005478
005650
006039
005241
006930
001255
002250
006297
004746
003974
004736
002130
006512
004340
002194
007390
003826
003443
001456
000767
002788
001275
007183
007341
005875
005201
006707
000454
006155
001129
007140
006232
005899
004513
007282
004881
005244
004718
003929
004581
002047
002272
003959
006487
003801
003452
001974
002922
004493
005013
004609
004729
005736
002190
001154
001888
004796
001376
005957
005086
000321
002515
002702
005845
000889
003136
000543
003118
001470
005223
001626
003966
004766
003733
006035
004909
002211
006852
006446
002565
006853
004272
003618
003690
005033
003954
004318
000338
007276
004932
004155
007353
006336
003778
002283
005367
006933
007355
003342
005976
006087
004317
000762
005150
002725
000994
002226
003054
001413
002748
002997
006654
004814
005337
002561
001407
002321
006379
002694
006093
006271
003137
007454
002925
002286
005306
003496
006775
005679
001320
003200
005019
001770
004514
005985
004940
006588
003967
000198
002267
000770
006919
004555
003307
001249
004687
002325
005370
003175
006507
006957
004128
005788
001618
005617
000448
004524
001266
003555
001092
002392
001372
000489
005673
003503
007131
005470
005619
006278
005050
005387
003945
003089
005279
006940
002466
000327
005868
000169
004951
006631
002681
000546
005663
002888
000580
001402
005274
000030
005760
000187
004325
002147
003863
003009
003193
002165
007129
000892
002835
006731
004172
005239
006068
001089
007313
007258
001203
001421
006805
006808
006603
004111
002119
007253
006701
002562
005833
006831
002541
001163
004409
005918
002651
005787
005593
003947
006174
004741
007257
002159
000684
006872
003350
000122
004258
002487
005654
000315
007169
002900
006034
005904
000273
003081
002581
001861
004788
004062
002220
002698
000688
001075
000826
000386
005432
000370
001779
004552
005300
004153
005864
006627
004582
004484
006497
005499
005537
002602
001964
000858
004102
000755
001884
002082
006612
006706
004344
001789
003609
000590
003340
006340
001318
000640
007026
002354
005395
003046
004543
000147
007070
003058
002052
002769
006373
006218
002567
006613
004097
004136
007436
004366
001215
005692
003322
001114
001908
006462
006136
002824
003786
002188
005320
006125
003847
000356
003424
000310
004011
006787
000129
007306
004712
006985
001117
002161
003564
005883
003097
001430
003561
005907
003521
005615
002092
002781
000864
003953
001711
002579
004173
004690
003630
006604
004917
000998
005950
001291
005761
000302
005779
002326
002433
003242
005756
006947
002968
004248
006532
002905
006575
002059
002973
003748
006751
007237
002844
002984
007442
005092
003320
002932
004683
002545
007151
003038
002996
002020
003425
004879
000369
004073
005168
003155
006254
005141
004458
003772
000772
006618
000311
003053
002127
002315
000154
000733
000975
000282
002555
002430
002898
007050
005908
006847
007083
003433
006813
005066
000134
007016
006856
005028
000333
003152
005872
001049
000063
005202
000069
005597
004523
002473
005600
001285
006969
006129
003148
006673
000143
005381
001071
002789
005951
006160
001110
005380
004631
000835
005338
004722
000413
004752
003204
004163
002588
001614
002938
001926
000548
006308
006679
007303
007455
006622
002143
001992
001747
002307
002193
000799
002743
002414
002700
005477
000280
000949
000201
003842
006978
003506
006152
006255
002025
001106
001794
004234
006759
001743
003165
003518
007002
001760
007453
000776
003444
004827
000034
004791
003689
004266
003986
005152
000103
005361
004125
001749
006906
000742
006720
005442
004351
002977
000845
000018
002994
002468
003004
005633
000230
002747
001189
002304
005412
003113
004145
004342
004983
005206
006223
004117
003888
005981
000473
004862
000809
005398
000487
003900
003434
005349
003044
005701
004946
002735
002411
006912
002456
004205
006671
007211
003195
002708
006381
005474
000219
001633
002637
002642
000380
001810
007408
006431
005234
000064
002677
000625
005335
001654
004500
006189
006293
005438
001362
001659
005015
002852
003918
003403
002006
005323
000468
002429
003667
005952
001511
003768
006126
002219
005007
004087
000915
000364
003002
003474
004954
007149
004686
006937
002746
004466
004956
002217
004400
001610
006741
007296
002061
001437
004575
006508
003421
002446
005867
000217
007094
002116
004412
006941
001427
002138
006304
001522
005154
005542
006533
005353
006998
002714
005230
005572
001691
001177
006848
004218
004506
003423
000851
001245
005901
001197
001298
000097
002645
001641
006052
003706
001293
005737
001351
000829
003686
003839
006422
004312
002104
001142
006402
005939
002416
001562
001348
006994
001769
003551
001860
000324
000883
003245
006161
007438
000552
005851
003887
006665
006279
004800
004367
002308
006519
005260
004473
006100
000446
007283
001904
005746
004025
006490
000570
001808
005791
005947
002238
006545
003545
000313
004793
001624
004947
002539
000023
001639
006765
005011
000052
000506
006639
003829
007326
006258
005235
004395
001527
005553
006943
003435
005799
006611
006311
003484
001223
004121
002090
002890
001961
006176
004841
004171
004141
003631
007459
003068
005743
001481
002388
001596
001431
005992
003057
002461
002716
000885
001319
001022
007057
006453
000574
003497
004587
000320
000197
000470
003375
006488
005396
001756
005324
002935
005936
005331
003463
004383
004976
004151
001284
004590
005545
002350
004091
003989
006349
004542
002384
007316
006147
004624
005782
007038
002385
002172
005949
006023
006864
005797
002257
001007
006711
000037
001983
000021
006212
005715
006476
001196
004697
003559
000616
004869
003629
005809
003244
003376
005005
001311
003735
007262
001088
000698
000179
006502
007365
002776
005342
001582
001429
002897
006153
000811
003315
005022
003608
007187
002012
000172
006903
002658
002374
002810
001250
005251
002939
004270
007142
000430
000137
002988
006483
002125
000991
003840
002548
005183
002339
003949
003325
003703
005410
002584
006767
004949
000899
001039
005271
003596
003544
000657
001881
001360
000438
001433
003093
000643
001371
003487
006199
006191
001434
007138
004599
006833
007467
005004
005473
001220
004875
000771
004048
000117
000170
002021
005783
002423
002365
005698
001261
005037
004535
003882
007130
006249
000920
003419
003197
001382
004942
006064
005109
007160
000893
001544
001072
003066
004706
003532
002297
000626
005664
000583
002762
000631
006954
004052
003488
006529
003032
004429
005529
001648
003346
007476
000647
006910
003208
001650
005287
002970
001924
001081
001441
001349
003276
000365
000441
007175
004183
002838
005213
001460
000088
001850
002335
003968
007379
000155
002342
006346
003130
005909
003921
004185
002274
005641
006461
007052
001731
005766
004516
001785
004050
001608
001457
001015
003023
005608
006866
007479
003114
006485
000408
004627
005165
000254
005695
003449
000244
003622
003293
000024
006312
001412
000830
002191
005757
002696
004912
001323
002727
000499
005220
005805
004837
006324
000816
005754
003112
002290
005978
003738
006633
006927
003960
006630
005574
002777
006369
002703
006442
004411
005332
000070
001787
000753
000007
002758
001369
000118
007025
000843
002809
000014
005991
006734
000730
006753
004329
003625
002742
004134
002525
005290
003944
002833
003429
003894
002687
004054
003656
006319
004135
006899
005591
001943
006140
001524
003604
003476
007445
003353
004179
003457
007466
000947
005377
001694
006414
004379
005958
000402
000252
005408
001306
001963
005479
006192
003490
007318
001778
006439
002644
001344
001738
002157
000249
000079
000111
000292
000877
007301
004006
002106
001784
000045
000340
000595
000530
003460
002961
001179
000297
001862
003127
005506
007013
005588
005554
001033
001406
006791
003614
001677
006460
002510
005130
002773
006496
006949
003664
005719
002259
001099
001798
001622
007049
001776
004707
003764
001868
003385
005502
005488
000286
006433
001822
004840
004760
005968
000303
000312
003553
003501
003743
007229
002956
003642
004960
000011
005770
006359
006033
006307
005629
004446
001802
000648
002514
002770
000305
004906
005862
005688
003140
000412
000707
000853
000210
006773
001956
007380
007152
001566
004544
002560
002176
006183
000983
003800
005762
003000
007431
005892
001714
003162
003477
005447
006921
001095
003458
006171
002622
003906
003620
004970
005651
005226
003925
004497
002292
004950
004130
004236
006981
001103
003190
000789
007193
002992
003303
005969
003531
006265
003693
004569
000942
004517
004733
002229
003883
002285
005426
002653
006703
007030
003788
006158
005912
004042
004584
006535
003779
006983
001377
004265
000295
004013
002412
007184
007189
001209
004469
007071
002058
005238
003014
002915
002249
003144
000223
005038
007416
003448
006606
003963
001558
000588
005917
001438
002363
000749
005956
003181
004293
004002
004830
000142
001892
004920
001262
004798
007086
007244
006472
000996
005325
007215
002884
001692
002123
000405
004971
001146
004256
004975
001357
002505
004404
004792
004093
003644
005461
002816
001074
005422
004464
006681
006260
000850
000503
000747
001443
007171
005879
001034
000585
004057
001260
001122
004961
002818
005292
005242
004980
005465
006527
002979
004600
001561
005631
004228
003495
004099
001226
002860
005751
000943
004709
007061
003582
000196
001200
000752
005586
000256
001577
003382
000751
001378
002108
001724
004338
007280
004353
004740
003440
003912
006660
003547
005040
003822
007188
003391
000383
005053
005535
007191
000420
006586
006455
006213
002676
002767
001823
004953
001321
000110
000115
005954
006036
005580
007410
006482
002084
000336
001752
001204
002518
002592
006543
002057
007471
002389
006793
002960
002348
003623
003905
002647
004014
007117
004829
002635
006211
003540
005644
003324
005068
006067
006785
003813
003416
003135
000318
002831
004035
005406
002353
007161
001901
006135
004305
005661
001392
003352
000786
000444
005423
007354
007475
000469
000886
004418
000094
001132
001604
002909
007090
000128
001788
004612
006984
003121
006874
003821
004938
003615
000952
002826
004873
004336
003798
006022
002797
005360
004368
002870
006407
005345
005382
006972
006266
001993
002929
001835
004315
003665
004903
004242
004511
002126
006889
006503
001949
001621
006686
003528
004197
005822
003226
000248
000978
003373
006668
004715
006277
003247
005920
005844
004001
006747
006705
000966
001058
007387
006367
002149
005555
000112
007220
006014
004642
002312
000636
003589
002402
006881
001162
000675
001017
000355
006471
000890
000114
004501
006786
003050
000522
003078
000148
005156
001067
000378
006011
001791
003797
000575
007413
005393
000757
003321
001594
004498
004262
006419
002252
006587
003107
002447
003179
005813
003394
007064
000074
006270
005713
000337
001547
000164
002934
003312
005801
002029
001454
001459
002078
004284
006256
004518
000627
002223
002317
005821
003669
003450
003101
005575
003294
001537
004728
001859
006593
004602
006652
003008
002323
006858
004067
004872
004450
004610
002869
000685
003530
005362
003852
002409
005253
005519
003878
001968
001902
002357
003626
000798
006291
006614
000132
002239
006602
007328
002437
004465
001005
001646
003012
001593
003095
003274
005979
006114
005063
004519
000251
003606
003915
003486
002502
002330
005522
006264
000827
005501
001195
000520
003652
007153
000381
001796
001612
005517
007235
004425
004646
000073
007422
003279
005511
003516
005289
005508
001889
000902
004239
005127
007072
000955
001573
004924
002683
003094
003469
005997
003360
007239
005268
005364
007292
003318
007344
003776
001907
000731
000842
000622
003408
003572
002993
003138
002830
003759
000250
005133
004570
003248
006443
004761
006132
003308
005914
004662
002278
001292
004279
004275
001970
003660
005729
005297
004264
005910
000875
004773
000482
004399
004389
003522
002672
006004
002519
001066
002189
004703
003993
001334
003106
006531
002662
005167
007404
004316
002094
001417
003766
006122
005576
004488
004271
002537
001669
002439
001546
007343
002679
006133
000774
007428
004958
006637
003705
001410
002097
001541
007461
005237
005803
003958
004545
001128
000291
005060
003961
004078
003874
001191
004447
006623
006779
000246
004123
004331
006762
002073
005988
006108
001540
000417
001115
004694
006339
006691
007414
005942
006583
001921
000995
000596
006301
000974
001328
002670
002031
007042
003583
001063
007371
004199
004022
005807
001762
003578
004376
002393
003893
004921
002162
002131
004754
006974
002096
000211
003988
000909
006992
006111
001679
004086
000946
006078
002861
007430
006394
004487
006684
005469
001565
004817
001472
005884
001774
002785
000289
005507
000999
006549
004147
001836
003672
006081
002815
000135
005143
004568
007206
006377
007147
005861
000722
001827
001833
003035
005280
002253
000188
006430
002470
007359
003451
007043
006209
005293
003336
001632
006085
005847
004749
005905
002000
003176
000019
000717
002821
006404
002867
001100
004618
006999
004397
002654
006049
001834
006845
000042
005017
001932
001975
006824
000924
005859
002185
001082
004420
003269
000462
006884
007004
002590
003475
006553
006737
001169
005582
007412
004692
001673
005100
006458
002764
007340
002506
005750
003241
002089
002448
002043
005162
007300
000687
005357
001900
007246
006188
003151
005630
005275
004897
002578
000963
003565
005531
000157
005064
005865
004044
007224
000361
005672
007228
003548
000145
006317
001912
005795
006594
003946
004406
004081
002102
002372
004194
000497
005925
005090
000682
003131
002595
002360
004564
002269
000653
000440
006097
005681
004676
002203
001301
006383
003763
000422
005327
004654
001795
002200
005045
003999
007087
007018
003170
006231
001800
001164
002574
000288
002881
006194
001589
005491
003757
006375
006007
005041
001523
005709
002233
000601
001302
005144
007157
002288
006756
002329
003161
000527
001048
002495
007242
005645
004427
006397
001777
002889
007111
002247
002511
006054
002136
002601
002406
004330
006329
005472
000022
001473
000429
007451
005794
000109
004407
000950
000010
001188
002198
001087
002371
004017
006977
003512
006552
001837
000304
003323
003500
000818
001915
005551
002827
001729
005009
002208
001350
001689
001730
001985
000884
003591
002942
001073
005579
000203
004403
003624
007010
004623
000389
003141
000374
005184
007458
003453
005101
005598
005504
006436
004381
003319
004413
001056
003330
000467
002331
001300
006273
002641
000166
006474
000075
000384
001814
004551
000490
007078
006020
002550
005124
006902
000284
007372
007443
006390
004778
002784
004076
000038
002014
003546
007236
005599
000533
002655
005786
000306
003903
000680
004369
006053
005610
003202
000294
004189
006215
003662
000825
005671
002775
004922
001996
005077
000867
005355
002948
007135
004405
005091
002004
004426
006642
004421
003807
004140
002037
006634
006257
004142
006876
006620
003006
004941
001078
005390
002895
005414
000231
002034
000610
006280
001853
000861
000241
002778
002117
000582
003367
004285
004586
003645
002840
006115
000162
003040
005652
005589
004635
004364
004116
007395
005902
001530
001308
003804
003886
005725
000711
003104
000124
005552
004359
005966
003795
001020
005612
005568
006145
005670
001210
000464
001534
004408
004290
001343
006716
003765
002790
006641
004965
003647
002140
002517
000339
002631
001290
007330
003217
001325
002338
000085
003729
005215
006169
001987
003697
004529
001436
007469
006274
000569
007122
004562
006413
000617
005131
000015
001660
007397
005312
002780
001625
001741
002403
001775
004860
001872
003869
005372
005267
006106
005014
003964
000607
000404
006025
004594
005544
006466
001248
003290
006530
004512
006076
001151
001851
002648
002426
006835
003254
003013
001947
006932
001942
005697
001981
002197
004877
002906
000970
005199
003063
000869
006123
004074
001501
002803
006056
001217
005415
000664
003806
006141
002695
004210
000929
003932
004276
006796
002507
007155
001158
004655
004682
004507
000654
000944
006363
004287
000002
001948
005351
003670
000046
003534
000691
000100
007437
006219
001120
004252
002756
007348
007014
005924
004812
002629
006357
003426
000460
004539
003231
004578
002445
006649
004292
000401
002625
005849
004016
007399
004222
004998
000317
003020
000277
002787
000611
004700
004601
000283
003917
002731
004835
000453
005840
006144
006452
002118
006744
001184
003783
001090
006267
003601
001922
000515
005747
003493
005772
002774
000350
004089
001178
000140
002599
006017
002053
002533
004723
004724
005116
004939
003441
001335
006953
005429
004207
002271
006769
000672
001903
005233
004892
006862
003116
007077
002093
006929
002169
001719
000352
002341
003379
000433
001247
001916
003110
003471
002453
002813
004475
000775
005691
002015
000192
002796
007143
006595
001682
004101
006262
006936
006001
000301
001552
007384
006195
004070
004913
007150
006980
004891
007139
005392
006692
006797
005304
006729
005871
002314
001391
006184
000144
004719
006516
002405
005816
004373
000938
005955
006353
005177
005933
001043
006314
005922
001958
002010
004554
005603
004588
007203
003239
005002
001379
005255
005047
001359
005169
004492
004300
000066
006764
005243
001171
005318
002526
001753
006810
006370
004005
002808
004767
003354
002085
000092
000604
002500
004277
006708
005368
001545
002065
003037
000485
004688
002050
004003
000307
003029
004164
003236
005666
002572
002471
006185
002667
005419
003100
005980
004444
005682
005256
000449
007361
005147
004161
002941
007426
000359
007268
003511
006950
003430
001201
003198
004306
004433
004090
006678
001549
005185
002195
007066
001080
004410
002605
000550
006788
002114
007204
004071
000234
004716
007113
003286
005722
007368
002030
001805
003328
003261
003865
003680
003156
004030
004374
006447
007446
005258
006830
005524
002154
006827
006925
004650
005853
005160
004758
006167
007376
002972
007264
001690
002744
005562
005856
005656
006962
001704
006650
005132
006090
006338
005886
004775
000414
000171
005583
000194
003392
001825
003291
001718
002750
004267
001333
003258
001761
003635
000415
001830
000394
000516
001925
007154
001580
007299
005796
000393
007001
004987
001938
006070
007287
003599
004743
006599
007207
000099
004034
004615
003676
001697
006130
000121
006065
006721
003897
003160
005117
000901
006248
001642
003855
000659
003934
006388
003770
006682
002379
003817
002593
002556
002848
001135
006702
005240
004254
004856
002534
007065
004681
007435
004948
004021
002080
001139
005425
007284
004847
004043
002965
002352
003489
006939
006438
001930
003691
004834
006509
001271
000160
006239
006790
001598
005298
007132
001758
002752
006268
005302
007329
005893
001710
006712
005982
003468
005082
004039
005078
000718
006869
003754
007351
001728
006083
003410
002040
007274
002431
003355
003172
006904
007124
001991
005139
006615
006625
000133
006470
002643
006909
003616
006667
007452
005114
005307
004051
004896
005194
007423
006406
005378
001234
002440
003535
004849
007040
001312
001420
001040
005025
005921
007393
004056
003975
002236
001894
000334
006366
000621
002168
001233
001152
005532
000443
005601
006886
007192
002552
005928
003722
004819
001295
001165
006522
002633
004780
002381
000484
007146
006387
005660
003619
000486
000456
004192
005734
003584
007031
000290
007095
003358
001911
002684
003607
005374
005176
006555
006200
000863
004866
001451
006341
000058
001361
001960
001192
003168
005742
004901
004055
006143
005857
002334
004944
005441
002707
002801
007444
005819
000150
003996
001635
001332
000916
006582
006044
000233
001014
005967
004148
005607
003651
000620
006666
007405
005636
001742
005539
002954
003371
005467
003218
001277
001801
001242
002871
002273
005170
004876
005717
001112
001931
002100
005187
000834
007440
000419
000523
004375
000130
004802
003542
004486
000962
002875
005627
001516
005767
002927
002018
001500
004110
007364
000555
001813
007156
000508
003337
005814
006766
001647
004150
001423
000224
004670
006331
003571
003472
004680
001560
001864
001307
004557
006233
005716
006224
000262
006138
005430
000087
004905
001477
004088
005407
003890
005937
002340
002872
002682
005829
006299
005248
005173
004579
002265
004977
000663
001668
004084
003051
002701
004528
001696
004332
002966
004567
007123
000165
003438
006812
003462
000367
003569
002070
003785
007148
