004054
007313
006661
002879
003791
000033
007284
003190
003224
000081
004918
004089
006452
002174
007239
002393
004159
000895
004960
001378
003370
001859
006133
003103
001175
007240
001363
006296
001106
001139
005480
003858
004950
000126
006387
006169
001840
005935
000880
004327
006468
004929
001217
006211
000272
002938
003749
002302
001273
005124
004409
000975
007371
003389
007040
007147
005796
001317
004862
005641
003179
005013
004939
006082
005721
000068
002080
000583
006066
000399
007277
004428
000464
005414
003213
004394
003640
005649
000230
006233
005848
002548
002375
000287
003394
004606
002147
001684
003545
002526
002090
001718
005727
004724
004847
003141
000279
004880
004066
001169
001797
003266
000042
002510
005664
003677
003706
003422
003249
002313
003915
001635
001863
001581
004711
005374
002961
003867
002792
001040
004527
002264
000664
005043
001223
001392
006860
004720
000559
002826
002131
001107
001616
001220
001856
007068
006621
001016
004340
006582
001569
005297
003612
001921
002446
003227
004530
000761
004937
003653
000327
002256
003532
000668
001403
003466
004760
000585
005515
003508
000654
004225
006894
002316
001137
004974
002700
006100
002732
002972
000277
004687
004181
007098
002467
002081
007439
006788
000183
007112
005085
001577
005505
005127
005661
003798
005787
006052
003484
005099
002151
006855
005389
006245
000932
006779
002108
002560
002341
005112
004095
002033
006280
004009
002533
003377
006016
006514
000876
003143
002290
006382
004771
003022
003118
002530
000965
002922
001384
000177
004983
005563
000047
006583
004732
007004
000294
000346
003001
005773
004441
003984
002856
005659
004704
007024
005829
005596
000634
001737
005162
004201
001173
002364
000118
006763
000653
006619
007441
001540
001104
000271
000860
002261
001029
006162
002503
003318
004463
001163
005842
005482
000800
006413
001875
002460
001047
001283
004551
000196
000812
005265
000395
004399
002613
000867
004788
007321
003996
003849
006817
000469
002651
002900
000000
007192
006341
006175
006575
005046
004524
002825
006222
000339
000173
002169
003345
000453
005578
003423
000534
004872
005685
004852
001514
003406
002351
000250
003920
006171
001844
001260
006867
004184
006136
003299
004856
002927
002978
001729
006323
004385
004439
003829
006697
002332
001778
001203
005722
003169
006302
006333
001102
007353
006725
001492
002786
004840
004581
003016
003388
000138
001130
004310
005758
005449
004682
005663
001646
004374
004160
006256
001558
003713
006722
005342
007183
000827
007230
004092
000393
006513
005329
004113
005969
003281
003152
002967
000188
003792
003644
004189
003010
001322
005161
003884
004071
005717
004690
005990
001362
006986
003399
000733
002091
001123
004075
006019
002563
001694
004244
005276
000727
006192
005341
004993
000704
005214
002410
003800
000237
001211
002445
005863
007315
003583
005810
000644
002907
001747
006486
002745
000476
002640
004222
001993
006990
005552
001915
000852
000058
003524
005221
001713
002439
000030
005784
004331
004287
004965
003383
000333
002465
004044
001690
007347
005239
001793
000525
006832
002916
006223
005465
002348
006705
001639
007263
006674
000162
001500
007454
003898
000282
004821
002320
005846
005971
004502
001593
007021
005298
001544
003334
006550
001433
004108
002176
001256
007269
003971
003458
004411
004837
004286
002058
006965
002637
006135
001232
007015
004051
004506
003955
007035
004754
005628
000855
001274
004396
001484
007322
007372
002498
005108
001962
000212
006964
000013
004650
006634
002743
000598
001808
002795
004919
000355
003910
002815
004484
003527
000917
005498
002507
000381
006032
005900
005024
000090
004654
004673
007297
000493
006003
002554
006017
005684
001184
002627
007174
005305
003901
005132
001776
004905
001221
000501
000797
002096
002616
001610
001407
002153
001837
000408
002414
000479
000040
002397
006907
007317
002399
000227
001946
002827
001472
005142
002134
007275
001242
003326
005140
001210
005627
000370
004522
005931
002318
004594
003400
003122
000497
003781
002957
007392
007478
000588
006961
004055
000154
004768
006794
000774
001094
000935
006643
002206
006035
006352
000577
002120
001743
001626
004386
001100
001898
004990
004789
000997
004648
003030
000319
000283
005017
002882
006392
004171
006457
001574
005160
003595
003417
006787
005016
006608
000828
001571
005459
004669
006037
006874
003727
003267
002289
005960
001712
000499
001061
003247
000719
003440
001165
002653
005690
004032
004112
006962
006142
004035
004063
000415
004080
004892
004377
006911
001773
005844
002603
001638
004178
001254
006698
003634
001550
000176
006940
002639
007270
003184
006494
005634
001655
002527
006408
006567
004779
003085
000925
004349
007373
002598
005009
004780
003891
001740
002138
001770
000390
000523
005697
003307
002309
003744
001628
000136
002848
004464
006407
004284
001286
006889
000955
006970
000166
002428
002430
004370
006578
002874
000149
000729
005492
005441
002765
001627
004082
001143
001430
006492
003771
001976
005942
002418
005804
000893
006361
002300
002391
001796
005521
007025
002392
000754
000022
001733
001204
001582
002917
002956
004134
006653
003951
005165
002797
000792
000420
000866
004467
004356
000857
007440
001346
006214
000257
004548
006321
003574
005115
000815
005859
005489
004967
001115
002222
003504
007136
003151
002694
002075
005274
004262
001533
006958
006912
000213
003967
002235
002384
004621
003033
000315
001295
004955
006841
003221
000438
002698
001499
005839
002048
005590
005404
006359
006125
006669
006182
005562
003310
002831
002902
002602
007175
000985
003065
005622
001395
001134
001996
003520
005920
005879
006560
004726
003733
007203
001497
006769
007163
005247
002532
001160
002726
000043
002914
002832
000472
000494
005989
004103
000639
006439
001350
005864
001336
000854
000380
005314
002830
001645
004072
006119
000688
002487
000026
004457
000103
000814
000776
001777
004078
006146
002175
005866
007370
005184
002234
004166
001914
003254
000724
006022
004246
003957
005896
004709
004194
000823
001750
005647
000527
000260
001264
007135
005559
003288
003036
005547
003211
001809
005882
006157
005799
007191
001085
000010
006401
001723
007078
000543
000557
004813
003797
003072
007075
006092
006431
003003
001323
003638
004257
006594
000799
004814
005402
005092
005674
001044
005818
005391
001209
007286
006628
005891
003371
005091
003569
006467
005250
003123
005503
000632
000028
005439
004403
002958
001171
006318
000655
002064
006747
004479
005561
002258
003761
001543
000592
003379
000696
000458
006224
000820
004664
005331
005534
002963
003649
001820
006942
001170
001960
004011
006944
001535
001410
006530
005395
005483
000809
002635
005856
004002
004034
001124
003250
001860
003315
002541
005522
003074
006759
004825
000910
001755
001738
000350
006344
005718
006091
006805
006808
002782
001423
001862
005071
003994
003279
003978
004414
003972
001842
001050
004183
006683
000264
005973
002071
006389
007116
003335
006837
005735
000922
006770
003418
006326
000816
005806
003015
007130
006880
006362
002010
005114
002754
001153
004567
003041
000600
005346
006687
001014
007154
004434
005940
007064
004057
000474
004583
004067
006360
007120
002280
005964
001585
001054
003475
006363
003808
007334
001342
005126
004094
000389
006437
002572
000233
002107
006311
006694
004273
000802
004564
006006
006053
006879
000182
003382
002154
000430
001599
006559
007204
007143
005544
005579
003557
002347
006315
000625
003058
005030
005303
002970
006888
000428
005574
000749
006541
005593
006896
004584
004123
002588
001460
002386
005002
004453
006164
004086
001258
003500
005949
001188
003788
005056
000782
005348
001819
007226
002223
005988
007359
003682
006456
001235
003443
006744
005431
000109
000817
003386
001687
005635
002869
000647
006118
004000
003854
004632
002748
001178
004959
001439
005033
004691
003273
006309
006664
000063
006348
002513
002340
001683
003236
007421
005408
002557
002009
001836
006272
002531
002997
003412
001255
004597
006878
004239
005946
001093
003338
003549
003629
003745
006331
001159
003712
003256
006516
000607
000098
003419
000416
001806
007380
002897
001709
005786
007066
001269
006354
002665
005344
006776
003897
002349
003970
000575
007447
007407
006914
000226
005490
006801
005135
006335
005903
004568
000116
006952
000916
001352
005795
005070
002259
004903
002992
001632
007466
005302
003991
002012
005728
001714
002194
003027
001980
004933
005045
000444
007280
002564
001031
004368
001735
003364
006931
002996
003482
000329
004047
005852
003339
000616
000015
007417
006701
004023
004029
003405
002686
000228
004802
002257
005553
003525
000174
002631
001486
005797
003933
000510
004756
001791
002004
002358
004010
002021
004776
001757
001491
005093
003615
006259
006212
007205
001370
003087
005170
001613
007167
001774
005754
004297
005355
004025
006269
005918
006994
000715
001752
006013
002285
001896
000504
001063
005603
007345
003513
006821
004646
007094
002170
006658
005843
003902
001066
001470
002355
004326
003348
001742
004688
006688
001222
005337
006004
004436
004507
004404
000725
002721
002159
006143
005869
005100
006904
003487
002394
002461
006806
001422
005626
004696
001651
002581
000513
003276
004316
005504
002565
004076
006298
004378
002918
001744
004074
000950
002688
002177
000056
000078
006371
000677
002198
000424
001487
000206
002878
000558
000422
006294
003029
003063
005671
002057
004693
003287
005672
003809
000266
005917
002359
000185
006234
000484
004139
004850
002146
003839
007325
003953
003099
000635
007288
004116
000669
007027
003573
007104
000829
006059
005953
006873
004582
005693
004196
001438
000485
001213
006692
002023
000019
001516
001942
000987
003851
003302
006968
000667
003948
000701
005794
003663
001482
005876
003702
005567
007258
000224
006682
005770
002951
005630
000961
000189
000938
002787
000891
006184
004620
002550
006678
001464
001453
003723
002540
003131
000689
002769
003056
001528
000134
001867
002599
003652
000537
002491
006289
006132
004141
005406
000382
002396
006978
001889
007091
005467
001594
002297
003259
000548
004808
001541
000967
004812
002251
003320
000276
003076
000365
005816
001995
003506
005008
001666
007291
006279
007470
007337
006966
000108
004003
002218
001413
003031
006545
006611
006483
002255
006191
003162
003206
002570
005080
006953
001377
000201
000542
007428
000982
003834
000120
000877
003158
003454
000165
004608
000869
002342
005306
002187
004218
002018
006275
003296
000306
002416
003689
006018
006046
005743
005845
001940
006365
003729
006511
004350
000981
006490
000560
005888
005571
000367
000868
001351
005405
005709
002441
003167
007140
003014
003356
005948
005359
002405
005945
005202
002216
001243
005294
000565
002361
006067
004288
002609
006484
001400
007012
000750
000883
004150
006451
004031
000190
001454
003401
001459
001967
001304
004013
006648
005929
005788
006442
002448
000781
000263
004418
006980
007090
000824
002849
002926
005895
006881
007160
006745
000087
004633
005902
004179
003395
004815
006865
005328
003533
004140
001330
005803
004694
001775
000208
002383
005643
005014
002070
002019
003147
005824
001790
001625
001931
004683
000952
003464
006543
004383
005657
002942
001702
005616
000934
000871
006603
000810
007141
007016
000376
006186
003654
001321
004495
003961
003149
001020
000642
000621
006428
006161
004419
000623
000480
001880
005035
000593
001071
001848
006534
007193
006260
006720
006199
003062
000363
002481
006319
007030
001780
005961
001911
004969
003670
003815
003576
003553
001588
000674
000404
006444
000676
001373
002998
004313
006597
006466
006810
005636
003811
007172
005825
002489
004475
002888
005987
004121
007237
005178
004070
006733
003204
006116
006630
001660
006786
005379
006165
003750
001813
006640
006388
003044
004337
006253
005474
000192
004678
003243
004203
007250
005399
006491
002654
004981
003146
006099
003821
005607
000080
001902
006400
004252
004634
006711
005103
003965
001033
006095
006148
006741
004753
002800
002774
007036
005510
005637
000311
007096
005129
006827
000586
003420
000769
007254
005426
005698
003618
003282
003593
000550
000253
000006
007221
004040
001578
006670
004513
000739
006532
004519
003321
004748
006380
006173
001070
003767
000723
006987
003801
007356
003470
004750
004790
006351
002791
006906
006056
001785
003686
004148
001343
006159
005730
003105
006113
004097
002493
006536
001597
004516
002474
004449
003427
001877
006833
000859
002622
000378
004811
005123
001934
005853
001374
001590
001138
004433
002915
003289
004701
004772
000324
000703
000972
002046
000255
001810
003481
000121
000373
007414
006338
005387
001876
003946
003787
004801
005057
006930
006785
006227
005867
001924
001884
001916
004845
003688
005979
003650
002501
001368
001970
000354
002861
003535
002273
005947
002805
004777
006991
006079
003880
001903
001282
000863
006985
002497
003753
005986
005347
004622
000579
004828
004416
006793
007267
001035
006540
004365
004041
005381
006433
005599
001839
006051
001511
003264
005992
001237
001637
005832
006029
005322
002689
004915
001249
002948
004916
004263
005245
006220
006232
003192
006803
006590
004774
002449
003047
001328
007128
001109
005495
003684
002336
002183
006030
005141
005899
000238
001279
006127
002937
006646
002506
002839
000446
004844
005385
000032
005855
003886
004077
001021
003591
001922
002716
002852
002630
006404
006122
003837
001852
003775
004595
000461
000069
002056
006773
003242
004188
001762
001545
005200
004676
002691
001401
002017
003941
002279
001505
007446
006598
006797
000685
004926
000686
006523
002607
004893
002181
006844
006047
005519
000835
003416
002708
004508
003028
001008
007119
004299
000361
002857
000405
007151
004934
005102
006535
006210
000914
004482
006800
006713
000533
000954
006618
001691
001474
002007
004684
004783
001672
000128
006936
000097
004764
002812
001882
002398
002648
003239
001318
005424
004015
001032
006432
004866
006563
004546
001847
003862
001097
003460
003908
006226
006112
003140
003446
001013
001508
000356
003283
000680
003355
000755
003782
000478
004534
007065
000262
004699
000135
001985
002538
004028
007463
006892
003518
003770
001617
004521
000956
004128
004769
002553
001358
005938
006355
001155
002249
004308
003982
004281
004518
005349
002965
004145
006507
002145
000951
003173
001538
002512
003651
004731
006572
007236
004318
003304
001095
004081
007108
004027
000637
000705
006897
006599
003109
001527
006905
000125
002246
001572
002872
001607
003572
003428
002932
006170
005271
003045
004292
007450
004749
002426
005481
003451
002003
004677
001393
000014
003832
004227
006251
004497
003037
002504
002751
003776
004729
005491
003743
004961
005090
006327
006579
006218
006424
005062
000873
001206
000919
003295
004727
002008
006284
001562
001146
002766
001334
005790
006038
005689
003073
001913
006522
003367
000645
001458
003020
004323
001275
003619
006766
004357
007019
002619
001190
001676
000529
004702
000604
002408
006330
004421
005623
003361
005924
001245
005353
002740
004114
003836
005229
005922
001663
002043
002473
004445
000366
003551
000540
007199
002152
006941
000249
007402
002823
003826
000886
001949
006631
007292
003693
000500
000459
003473
000460
002811
005261
005573
002000
001692
005244
005074
003216
001678
004118
005319
003565
004649
001766
006448
003164
002301
000960
005437
004324
001022
005188
006414
004233
003952
001077
007445
003725
006393
004920
005768
006571
000980
003914
005240
006528
003962
000107
005191
002931
001939
007084
007106
006887
003463
002737
000290
004397
002312
003678
002433
003263
000783
004253
000234
007395
003757
005269
004046
004129
004275
005501
006816
001018
006373
004064
005373
006554
000299
004329
007318
004320
001772
004843
001711
000153
001502
001974
002614
006386
001751
005828
001450
006686
005609
005600
001296
004158
002087
002476
000966
000507
002939
004555
004763
001399
007110
001034
000861
006007
006746
004104
000016
004653
006012
003985
003145
001361
003719
006602
003275
000618
000648
005451
007144
004242
003215
001444
000611
001994
006121
003101
006346
004193
002296
004255
002703
003537
000743
003819
004345
000295
005400
006920
005423
006679
001046
003521
006088
002779
004761
005248
001467
000789
003396
002870
005906
006495
003833
006544
006292
007361
007281
001920
005255
005736
006764
002244
006761
001894
006601
006826
007101
004498
001121
002201
002552
002796
003843
005281
002464
000158
000429
006822
006922
000708
006107
006496
000180
005757
005901
007388
003234
000646
004576
002354
000906
005528
006739
005290
003889
005966
005872
000421
004151
006981
006498
002242
000699
004437
003785
002539
003194
003498
002066
002692
005632
001225
001136
002778
000256
000358
006383
002578
003080
002555
002035
001801
002923
002836
001897
003892
001530
003628
005435
005823
006663
002912
000451
002674
003409
004391
004042
006140
003051
002117
001749
005420
004883
006875
005594
006149
006039
002659
003777
005493
003708
003214
004388
001236
003170
004061
003435
002488
000506
002101
003384
000362
004525
003360
004944
007069
001647
005835
000620
000918
006168
005215
001803
004858
001579
006287
006627
004746
000101
007083
001608
007416
002621
000840
002944
005343
004296
005885
002150
006789
005089
005955
001629
005476
006144
005052
006691
004982
007073
005916
005860
007403
000909
005597
001910
002443
001935
007249
005267
007338
004540
005765
006423
002470
003111
001611
004949
003456
001515
003668
001276
001673
005317
002736
000038
006244
002311
007072
003575
003763
003666
006519
006342
003008
001183
005345
001605
001231
006939
003625
001592
006270
006710
001011
002268
000049
000170
000383
000780
000819
001945
001007
007220
005580
004873
007406
002225
006913
001961
003655
005177
002535
005010
007426
002634
004667
006790
003182
000498
004951
001517
004917
002338
005011
005760
003552
003784
002073
003561
006681
002379
004930
004782
006921
006263
001476
003303
003467
005588
002053
002447
002838
005744
003935
001025
001595
005950
006069
006809
000310
007187
002636
001498
000342
005454
002144
000041
001233
003196
004803
006248
006727
002711
000989
005150
002763
000734
003042
002006
000151
004805
001648
001493
001503
001794
006850
002055
006478
007056
000737
007469
000117
003505
003592
002292
002577
004613
001041
005526
000692
001501
004997
001299
007438
002877
004890
007185
004319
004048
000152
004561
004210
001716
003119
004697
005915
001496
002352
001968
003330
003094
001452
005678
003740
004477
003766
001979
005675
003780
002739
007457
004412
006988
005558
003185
005447
004294
005870
001989
007336
007043
007156
000651
005529
003679
006061
002114
006584
000884
002675
003940
004202
000077
003543
005340
006754
005388
005335
003850
006613
001620
000100
001812
004914
001779
007013
003485
004018
007390
006947
005457
006852
004283
000195
000978
002610
006547
006518
000974
004975
007206
005506
006866
000998
003232
006767
002237
006693
002505
005410
005372
000986
005569
006303
006983
007034
000790
002993
006024
004923
001307
005670
005831
003255
000274
001557
005937
004088
004364
001698
005044
005537
006654
002421
001816
007452
006758
001759
005654
002749
000427
003925
000784
007000
004987
006358
007166
002471
004173
006508
007354
007335
004954
007296
002987
000467
004799
005205
002084
005386
001024
001200
003804
005022
003944
005602
001784
005500
006425
006177
006730
007032
000900
001313
000034
003252
004052
001440
005984
005687
003002
001162
001583
002415
007231
002595
002704
003637
006372
001277
004214
001417
000398
000179
006277
005266
004221
003995
005058
000740
002522
006500
004692
007137
001354
000764
001445
006499
003976
003220
000825
003890
001420
004745
005295
000035
002632
007152
000320
006376
002865
002707
003778
001833
004660
005523
004569
007057
003357
006840
005318
004743
002955
005779
006798
002243
005980
000123
000017
000528
003917
001531
000798
002899
001305
000003
006863
006450
006657
006203
002350
002867
007355
004291
006998
004922
003987
003125
002440
000622
006902
005425
004587
000495
005841
005270
006784
003990
000821
006890
003407
000568
001247
006778
002889
007363
007118
002575
004575
005983
002282
000709
006558
000168
000397
005155
000131
004616
002287
003544
002126
001303
006714
002536
001853
003337
001748
006702
000638
001176
002074
002171
003178
002625
004069
006063
004833
002360
000130
000872
002817
005774
003314
000573
001052
006172
005847
005336
003064
005769
004685
002344
007241
002293
002092
000331
004851
002462
002016
005407
007278
002847
000371
003195
004447
000394
007262
007253
001510
005384
003734
003956
000969
002472
000061
000777
001789
003539
003587
002841
000687
005246
005001
002368
002400
000008
006129
002758
002881
004207
002444
001181
000167
003919
004491
000830
003579
006699
007134
005456
000351
001659
004332
000411
004658
000564
005614
001164
000732
005468
004520
000517
000628
002921
004759
003881
000706
004741
005086
005518
003538
000541
000643
006312
004659
004927
005533
004250
003342
006405
002583
002061
006117
003814
002262
003864
001309
002551
006293
000027
005412
004978
001428
002254
006974
000721
005691
001944
007437
005761
001111
000502
004565
006384
005692
005673
007109
001888
002094
001822
003286
003685
005036
006716
002060
005113
003963
002458
001866
002884
003609
005282
005974
003176
004784
002859
002591
006087
000345
006574
004900
001753
000191
003606
005362
002809
004395
004625
004206
002480
003610
004024
000441
004675
001614
005076
001872
002404
007059
006409
000265
004336
001761
007033
004137
005680
001817
000076
002168
005098
003582
005189
002898
003369
000983
004796
004033
001615
004958
001465
002714
005109
003547
000129
007480
001596
000996
003110
006317
005417
003817
002601
003868
007243
003865
003779
001202
003683
003333
003517
000443
005830
001132
000505
006820
006419
002093
001144
000582
006529
001956
001372
002571
000671
004059
001584
004090
000518
001724
003477
005334
005747
000576
001226
004361
000385
005928
002652
004169
004122
001756
005517
005629
002954
005450
004053
005696
003354
005072
005005
000580
004130
000822
006971
000455
004125
000096
003803
003068
001677
002291
004831
004187
005927
001036
003714
004165
007399
003732
004901
007360
002135
005993
003373
004005
005025
001271
003632
006055
006818
003160
002303
001850
004038
006403
005254
007081
004538
002403
004991
001559
003113
000941
001367
001055
002947
007404
002220
006131
002229
000175
007219
000630
001843
003802
004819
001302
007473
002883
006551
000561
004270
006847
003870
006068
005309
005442
005815
004043
005392
002750
006668
002468
001131
000235
006641
003240
000846
005227
001640
001118
000372
006150
001975
007341
005128
005954
002558
001191
006050
000466
004680
002215
005324
002270
007331
004973
003157
004285
006265
002226
007357
006737
003820
006261
001105
001278
005289
002274
001892
005084
006857
004269
005716
005977
004483
007001
006838
004970
004470
002267
004786
000567
002845
005851
006877
004126
006864
003237
000562
001284
005543
000850
005720
000477
005419
003150
005138
005201
004389
003235
003004
004131
002911
005166
005665
002118
007217
003676
004481
005159
003257
005217
006870
006919
005813
002858
001969
004842
004282
002657
004742
002253
002128
002317
006950
007400
005499
002641
005354
004703
000901
004236
000347
001316
003846
006719
004016
002271
003664
005995
005206
000511
006975
001917
005273
007087
005658
006074
000232
002492
004668
000762
000386
001345
005194
003230
004351
007264
003093
001957
006504
004039
002051
001926
005776
000921
001952
003362
005967
005275
005137
004984
000414
004628
007282
001281
005453
003350
005396
001397
006843
005048
001060
001667
001357
004523
003742
004142
002975
001520
005908
000768
005118
000977
004740
000927
005477
004174
000915
001199
000292
007401
003793
002919
000222
002761
004887
000083
005731
003270
002842
000594
001563
002589
006883
002514
005413
007223
003860
006163
005648
000020
005125
002286
002587
000328
000252
005778
004943
006845
007181
005260
003191
006945
000726
001700
004408
005226
006081
005313
004120
002192
003949
002676
001851
003177
007304
005445
005881
002940
004198
001631
006008
004948
000132
002757
001602
002401
001415
003455
003812
000612
004624
002067
007161
002110
003479
004755
001760
005075
001339
003509
002891
006497
001982
004106
005004
000641
005330
003563
003611
006526
000369
006828
003705
006591
005734
001177
001984
004143
003873
007054
002863
003519
001618
001536
001461
000065
000845
006777
004045
000791
001964
006565
003021
006185
001715
002775
007326
002337
003124
006381
006645
003025
004809
006023
004896
003102
006110
003011
003433
004363
003548
002762
006743
006297
003319
001090
002756
004469
004670
005368
002573
005540
000759
006217
006262
004133
004651
001265
003432
000944
001147
001507
005873
004177
004448
003888
006623
000520
001186
001456
005585
001287
001355
005944
003731
003034
000160
000150
002705
003059
001239
006938
006420
000590
001443
004136
005031
006378
007405
006512
004644
003754
005639
006564
000670
001948
005042
001290
004834
005394
000690
004945
000364
005241
004049
000772
004938
001547
003968
005524
001814
002840
002030
005119
005228
003927
004238
000947
001208
006802
004953
004574
004200
000748
002275
005551
003351
004360
000330
000198
004390
002453
003690
004715
005110
005591
002185
005156
004663
004781
003945
005921
003095
003736
004655
000462
006600
001786
004489
002658
004176
000614
004827
004401
004962
004635
001091
002903
004504
005299
002333
005311
005676
006982
003607
002013
002049
001344
002040
006205
001424
000359
006771
001037
005164
005725
003322
003139
000463
003495
002669
003469
001537
005223
003225
003570
000211
000617
003305
002661
003134
006607
002983
005479
006813
000833
005050
000336
006049
001327
004637
006647
004379
004541
005198
001157
006158
005167
005185
003938
006626
005283
004972
002069
005263
000242
000298
004627
004001
004205
003006
003212
003453
001883
000649
001662
006853
003159
003999
000143
006489
002409
004155
005858
002252
005307
007100
005060
004466
007451
005742
006700
004191
003442
002370
004093
005887
005081
007364
002953
005652
002321
000959
006580
003261
002381
002608
005433
007093
004517
006310
005934
000178
002995
003596
007294
005047
002463
