006354
001378
001030
007053
006534
005578
004747
001407
005679
000586
002527
005804
003127
004865
003246
005466
002761
000126
000326
005698
000593
003361
000258
002048
002533
005452
000830
002314
000246
004830
007069
001205
000809
003744
005373
004631
004770
004374
002534
000877
000151
000498
003951
002321
002994
003431
006979
003052
005356
005316
004512
004657
005019
005875
001836
005699
006218
003503
005961
001995
007283
001686
007296
002777
003638
005074
001202
005286
001850
003346
000450
003504
000163
004952
005579
001247
005189
004067
004017
001004
001508
005334
002412
005886
006267
006050
000160
001463
007448
001058
006491
005478
002140
002664
004963
002698
002299
003677
002460
003718
007313
002888
000641
000032
002206
006432
004661
005819
003733
002495
000652
006771
001693
004460
002117
004943
003854
001963
007186
002286
000491
004001
006832
001828
004768
001988
000404
002325
005897
006642
005406
003700
000887
007005
002094
002920
004872
005419
001839
004642
001615
003066
005980
000301
005690
003033
006215
004514
006637
006207
006133
006577
005536
004965
004073
000589
005627
001049
004772
000133
006181
006442
004288
001164
002448
001423
004278
006531
004972
001677
003542
001385
002497
000547
001894
007240
003389
007396
006729
006955
003664
002049
006681
004443
002447
000951
001663
000486
004266
000497
003975
006140
004119
001427
004519
001304
001429
004581
001696
000111
000974
004308
003712
005660
001033
007356
001876
005133
002821
000398
006343
000010
005252
003946
002044
005968
003725
000222
006581
001300
007232
004973
006180
001095
001011
003883
004003
005134
005300
005382
003578
006566
000760
003547
002332
000747
005792
006987
001331
000316
002805
004244
006229
002764
003612
003326
006261
000145
000240
004795
000816
003039
002762
000231
003306
001312
004607
004849
002088
005110
003205
001461
000066
000709
004329
005528
005094
003492
002438
003430
001972
001238
004401
005364
006789
003723
006985
007100
002051
005892
002278
003763
007361
002809
000815
002469
000872
000315
004018
000913
004449
005268
006159
005366
001945
007147
000781
005288
001367
006436
000691
003802
006708
004713
007279
001093
002489
003400
000505
002446
003104
002937
004420
006188
005769
006460
007425
005745
002384
003529
005472
004190
000124
002680
004296
007162
004267
002792
000489
002155
001587
000603
000784
001336
002899
000736
005647
006956
005454
001915
001503
004375
001278
000219
001751
001581
001971
003401
000713
001855
004588
002207
004351
007264
004466
000027
000793
003046
004525
000021
004595
006545
004764
005025
004261
002939
007023
002911
003114
004960
007252
001217
003737
006476
004256
000455
005562
002253
003982
000818
006715
005774
004192
006381
003459
002510
005788
000740
004127
005187
007256
003695
000105
000270
006809
005637
005623
001228
003398
001416
005889
002784
001600
004999
003375
005095
005375
006339
003650
005502
000361
002903
001947
007033
002554
005607
006018
000577
005786
005058
003412
001020
000757
000783
007041
003300
006627
005930
002827
002811
005680
004336
002316
003917
004868
000343
000061
004924
001754
003257
003600
001390
006300
004899
002324
006598
006399
003499
001859
005935
006766
003115
007134
002236
001421
005162
007003
003877
007332
000476
006191
007423
005807
003105
006135
000540
007183
003945
004273
005960
000060
007171
002455
004771
003256
005844
005211
002128
000458
003352
002997
001485
000305
002798
003714
004884
007472
000959
005866
005047
003962
000807
005985
003214
005099
000977
001574
002100
000961
002224
000776
005885
001886
006812
001281
005055
001890
004094
006166
007087
004756
003798
004949
001904
005003
005816
002596
005014
002183
004662
003275
006000
000004
002457
004062
000098
004896
004350
001474
001432
001562
007295
006116
007116
001843
006002
006564
005140
002266
003574
000533
002388
005662
002506
005997
000319
001255
000769
005063
006129
003003
004529
003144
003750
002069
001654
005305
006149
002537
004791
002760
003330
000766
003403
006013
001050
005632
007269
006075
006415
005352
001840
006413
003132
002346
004470
006198
000075
007191
006139
006091
003392
004637
004608
006185
004133
000632
002611
001184
002254
000419
002347
005125
001970
003539
000512
003554
000488
005002
001369
002436
003806
002290
005753
000752
002944
000890
001043
004660
005258
003704
001466
002038
005513
003652
001934
007408
003299
000190
004495
000360
006883
001815
006864
006585
006933
002516
001772
006486
006062
002075
002066
002867
001211
000667
004968
004011
006257
006996
001335
004061
007065
005327
005337
007261
002474
004842
003855
002515
001146
002199
003994
003997
006519
006988
005114
000675
002635
002079
007461
000864
005344
004959
000524
006469
003140
003772
006939
002123
000701
003253
001042
006668
002124
000205
007380
005694
005583
001959
002386
006773
006425
002772
004755
004594
006274
004150
002713
006223
002770
000661
002848
003278
001770
002029
004417
006416
002440
001196
005036
003819
006435
005171
006190
001524
004561
003008
001588
006418
004235
003294
005008
006619
004087
004651
006703
001849
002656
002519
007248
003443
003218
004101
004114
004063
004240
003897
006041
004994
006910
007020
007058
005508
003841
004335
005435
004221
002871
006165
000437
006073
004597
005354
006369
000566
004115
003545
004810
006307
007194
000521
007146
004103
006893
006315
004918
007458
004464
005973
007082
001573
002599
006504
002565
001688
003784
006816
002647
006741
007464
005321
001082
004869
002423
004623
003015
003631
006360
002425
002976
006634
003845
003135
004041
002041
000009
002312
003184
000735
002087
005319
005439
004837
005380
007301
002185
004847
004226
000462
006563
001467
000212
002961
006921
003399
004490
003886
005983
004671
000599
005958
005674
001746
003295
002093
002153
002526
007086
005507
006377
005276
002303
003860
007070
002553
004052
003662
005395
003469
001266
004878
004692
002477
002705
000714
002742
000063
001234
003531
004851
002003
007365
002175
004685
000106
002587
006699
000824
005274
002525
007174
000250
000923
003050
001858
003327
006683
006182
003364
005225
004269
001059
002804
005240
002432
003494
002167
000833
003647
004759
000517
006095
007364
007018
004295
004668
002103
007182
001264
002437
005683
005849
004209
005835
007300
006656
004379
006801
002638
003488
002517
001992
003565
004380
002855
006767
004122
004405
000359
003463
005840
006532
004696
000080
002170
000764
000351
006906
001144
004599
004255
004070
005083
006822
000444
005894
004504
001359
005810
002988
006492
007253
004605
000606
004783
002707
004708
003899
001920
004426
002688
003623
004513
001903
002972
005101
004510
006057
000413
001299
004416
006375
002240
000857
001216
000559
006372
007337
006890
001585
003461
003581
000164
000930
000917
005040
003309
003535
002776
003826
006211
007445
003738
003626
002818
006735
003741
002744
000895
005488
005663
003562
005903
001374
002269
005946
004279
004143
003868
001698
003297
000393
000214
003173
004799
003619
002968
002564
005847
003589
003629
003458
001563
002694
000725
004888
001129
000064
001221
007004
000896
004811
005883
001209
006248
004675
003282
006775
004804
005608
005926
005888
003949
003676
002653
003481
000407
003748
001382
005947
005421
002887
002107
005310
001008
001591
000633
002750
006922
001673
002375
004532
002962
000574
004082
006205
006368
001672
000773
002220
007255
000252
002797
003358
003332
000924
007168
002396
006680
006674
000162
003953
007189
003353
006254
003107
003731
005164
004332
000118
002215
004015
002424
005045
003031
000283
000731
001882
007374
006058
000804
000581
002601
003794
001322
002272
006785
002197
000771
004905
001980
002284
002837
002382
003497
005727
002600
004695
002219
002981
005522
003634
003646
002402
002858
000427
001709
002112
005361
002315
002969
005918
003848
006840
006489
000262
005682
001824
002566
002747
002795
004185
007463
001409
000007
003786
002362
003161
000108
001063
006836
001943
004447
003608
003828
002096
004926
002452
004171
005293
006350
007398
006122
007455
001119
001830
005887
001115
005111
000412
004200
007402
000171
001657
000728
005076
000340
003100
000198
000853
003348
007036
004727
003728
002682
005398
005901
000051
004935
001602
004056
006474
001525
005417
001845
007098
003075
002928
007196
003133
003645
005908
001088
002050
006004
003684
003383
001907
002283
006244
005540
005390
001636
002843
005243
005413
003558
000430
002779
004807
001634
000176
007388
000230
006292
006635
000686
001155
003017
000059
000067
002498
004399
002659
004900
001670
003912
000320
007233
004690
002958
002246
006199
002952
000674
001443
003019
002399
003035
000868
002711
002291
006843
003540
001383
001613
007222
002720
005551
007074
002892
005266
001932
001090
001701
000310
003098
000724
004131
002081
001268
002733
004612
003162
000840
007379
006348
001362
004893
001755
001207
000279
003109
003188
002803
001819
001483
006239
003232
003220
007431
000768
000339
004670
004520
005018
007119
001951
004821
002463
004180
001149
004175
000383
003042
001492
005358
003861
002560
001529
005369
005884
001789
006333
003193
000772
006076
000548
005787
000774
002102
003555
004218
004919
005798
006990
006860
005725
007187
000968
005527
004540
003167
003452
005971
003465
003118
006784
000946
006312
005283
001838
006586
006499
004983
000020
004074
001114
002629
006112
006808
002005
007436
000607
003396
007049
006090
000294
002518
007317
005820
002673
004654
000838
005815
001962
005988
002884
002874
004958
006034
003209
004897
004280
001764
004237
004471
005230
005933
006172
004858
001293
003730
006973
003149
003640
001260
000575
000892
006946
000588
006086
001942
005742
000636
005152
006866
003271
006579
007230
003671
001105
005215
002668
000208
003939
004107
003517
000659
000984
005402
006452
002873
006689
002985
001177
000503
002054
001064
002109
004850
006817
003852
001655
004860
004263
004498
005696
007040
003530
007223
002120
003180
003182
006797
003165
003000
004980
004078
005734
001100
003573
003952
004705
003139
004322
005449
000288
000102
000282
001285
007112
006422
001538
004204
006328
001408
004292
001345
000534
004434
005646
003686
005205
005383
001994
004445
003026
000645
006631
004363
004478
001355
006885
005245
000997
003328
000811
003094
003544
001922
006400
003448
004621
007474
006606
007135
003055
006303
003301
004645
007117
003576
000187
001366
001148
006230
002979
004559
005729
001308
003108
004165
001413
003905
002918
001821
000410
001065
006614
006705
002025
005750
000127
004419
006941
001847
000131
005250
006746
003553
007113
001172
002806
001647
006475
000193
003011
007442
004541
003721
006210
006152
002854
006005
005981
006313
000484
001379
004862
002536
001471
002407
007125
001577
001135
001760
006595
007287
003338
006353
003267
002824
004195
001482
000785
001956
007161
006984
001796
006183
002775
006053
005287
004068
004046
000400
004453
001513
000617
002862
002216
004128
006424
006186
002061
002072
005706
004462
003937
003956
006592
000235
003315
007243
002228
001321
003212
006324
001163
000936
000237
005280
001547
004050
002201
006376
000428
000682
001433
003475
007124
001930
000429
005265
001301
003847
001356
002785
001412
002113
002932
006119
005237
002397
001723
000876
003812
002156
006856
004323
000232
003468
007311
000897
004694
006576
000967
004656
006834
006968
002919
001110
004044
000949
002464
000375
000057
002654
005572
006895
006769
001557
007123
002150
004100
005085
005386
003279
005127
007236
002202
002822
005425
003927
003464
000854
003331
005367
006246
005531
000140
003415
006994
004945
000871
006961
005291
003538
005167
006772
000594
001096
000770
002787
007280
005350
002584
005865
002231
001502
004353
004366
005320
004479
006786
000008
003635
001603
002020
007140
002364
006064
002929
003195
006538
000362
002046
001747
002661
001515
002433
006659
005676
001929
004153
003344
004403
005613
000433
001507
003957
000628
003808
002715
002514
005790
006252
007272
003878
001080
003249
005574
002825
000496
003334
001571
004672
005626
004589
006310
000500
002074
001967
006620
002189
001273
004093
003918
001535
007022
004442
003816
000629
006414
002168
001477
007397
000474
001294
002738
000344
002631
003254
000220
006245
007270
007148
001318
002940
004441
006011
003202
005854
001124
006989
006196
002678
007476
007418
000985
004220
001406
006768
002110
005311
006757
002259
000071
005481
004655
002493
004396
003618
001199
002699
006102
002982
006281
000900
006465
005821
001246
003715
000526
002844
000744
003654
004601
004395
001619
006737
002512
006173
002950
007406
003792
005483
002068
005907
001891
004102
007371
004404
000403
007133
002980
001780
005048
002704
004224
004494
006079
007108
002180
003027
005336
006763
002227
000823
003378
001743
003557
002736
006912
003627
003119
004268
004393
001605
005841
004272
001307
001392
005459
000562
007344
004826
002882
006914
004140
005209
007262
000882
006963
002142
004367
003668
002416
006965
002036
005238
004934
005342
003970
001628
000861
001923
003102
005538
003089
007298
005633
005408
004827
003892
003370
004020
004060
002268
000699
001599
001758
003607
003891
005628
000539
005448
003543
005731
004923
004089
006020
002523
005890
006755
006428
007111
007266
002177
006521
004681
001213
000072
006299
001403
003697
004319
002579
007426
001798
002568
006540
005651
004729
000050
005351
001982
004057
004723
006734
006788
006830
006295
004570
003044
000345
004012
001361
003759
006331
000377
005876
002571
004016
001511
002800
000716
001705
005506
003801
001458
003603
005427
005269
002658
006433
002217
007099
000765
000309
004282
004176
002845
004704
002292
000385
004917
006158
004563
000826
004463
003291
002586
001380
004325
000613
004349
005532
004155
004666
003355
007224
006374
006548
000808
006648
005809
001669
000173
006550
002252
003059
006286
000221
003230
005231
004117
006200
006632
005453
007390
005487
002309
001644
007438
004414
000610
001631
004707
003096
002426
006156
003356
005115
003567
004978
007304
001785
002028
000003
002622
003735
001868
005764
004034
004501
000957
003679
000330
000096
003215
005163
002000
004524
004761
005994
004010
001569
006781
004156
005970
007288
003658
004667
003471
007063
007126
004806
002857
002391
004110
005075
006132
000546
001371
006169
004937
006464
004178
004619
006487
006594
000553
007263
001885
006660
004741
002409
002970
002163
007225
007435
000685
000554
006168
005850
006037
006861
006720
007469
007207
002555
003272
001415
004591
000068
002908
002279
001589
001230
004538
004620
001320
002186
001993
006463
001104
005129
007292
003041
001881
007334
005169
007153
003785
004408
004231
005315
004632
005812
004194
001445
005492
000899
005066
003911
000814
004911
005631
003850
007343
004164
000578
000834
000775
006615
003155
003490
000847
004465
001328
003876
005739
006457
004360
005345
001707
002723
007381
003170
005575
002257
002941
001145
003444
007163
000035
004407
005301
000197
005598
002759
005038
001721
006089
002864
005843
004974
000688
005634
004210
003559
002618
004469
000423
000070
003262
006321
002083
005649
003092
001869
005096
002637
001874
007259
004687
007271
003916
001791
003579
005636
007282
003447
000582
001244
006444
002281
004901
006848
006873
006657
000189
000481
006351
000994
003270
005385
006500
000510
000954
007142
005534
000302
003397
003176
006150
006937
002007
007106
006879
003824
006844
003178
002898
005335
003726
003480
004535
000058
000286
000381
003588
004892
001452
000179
004456
002535
003683
005856
000507
004222
004454
001640
000178
006728
004776
006098
003038
002687
005073
006976
002444
004242
003124
006093
002626
004809
004582
004364
005495
007109
005158
005284
001564
006387
001087
000552
005837
006738
006208
001324
001725
006628
003455
003732
006323
006543
002413
005001
005322
005348
002580
003333
004539
002379
002983
000956
006618
001938
000690
003265
002380
005817
005297
004142
002978
004691
005611
000806
005012
006096
005273
004457
003993
006713
000397
006078
003698
006833
001498
006407
006726
002808
005381
006593
000499
007165
005296
006346
002420
002594
003374
003498
002562
003898
005927
003201
000076
007273
000822
001783
000689
000347
004954
007143
001210
006700
004337
000224
002832
004534
005202
005220
000218
000792
003228
005180
004390
003990
000789
000287
002640
000264
004129
000356
001656
005328
007299
000180
006192
005681
000049
005131
004931
000855
002559
001897
000192
004212
005226
000616
000122
000694
000350
003223
005182
006845
004239
005929
004908
005499
001786
006733
001740
000371
003365
005464
005655
006835
003765
003112
007471
003418
003440
000696
005323
001510
004617
003525
000637
000228
000932
007152
000702
000414
002350
001048
006638
000996
003960
004684
002414
000236
007173
003708
007046
003800
003063
000030
004227
003522
006282
006275
002771
000921
001270
003890
005010
005691
004402
004928
005264
002389
000011
006276
001311
007150
001067
005117
003610
004775
001895
006646
004214
006170
002166
000723
001373
001338
006666
005653
003775
005862
005697
005393
005224
005581
006456
004317
005666
001256
005944
003390
005864
005639
003689
003900
002260
001641
003080
007320
007091
006510
001166
006541
005545
002896
005766
002473
001181
005476
004658
007002
005217
003045
002757
001173
004481
004438
001902
004410
006805
006650
001580
005267
005126
006724
004785
007118
004198
002161
000493
006259
002986
005621
002377
003231
007386
006515
004161
002004
001667
004503
005093
004909
004348
004643
006014
001265
004160
006934
005052
004778
006256
002026
006472
002677
004556
007267
005232
001549
005857
005067
002322
002415
003495
005223
003541
004616
006178
001251
005437
007319
001069
005695
000452
004721
005338
004546
003882
000244
000000
002053
006201
006316
005922
002830
005905
002930
006213
003709
007265
001487
007028
006902
006124
005622
005451
002530
003482
006127
002302
005871
004517
006160
000045
005445
000875
004840
005511
000730
004397
001035
003053
002400
006430
005084
000796
004649
005059
001761
005173
001875
004627
004558
000103
006823
000355
006556
006507
005191
003551
006437
004189
004576
005568
003255
004648
006945
003476
004548
003417
004437
000001
006419
004313
000086
003615
005758
000055
004344
002434
005990
002032
006155
000712
006233
000207
000928
004205
002442
001820
000727
006950
005493
002393
003483
003874
005548
006553
004781
000095
006214
003410
003593
005091
006951
001872
004554
003125
000353
003235
006947
003311
003869
006863
006493
007076
001319
000527
003072
006082
005457
002846
001540
001439
003936
001054
004444
003932
007130
004320
000520
006539
001954
002247
004984
006224
003820
006322
003838
004183
007184
003528
003319
004927
003622
000006
000334
002487
001692
004606
004139
001700
001560
000087
005128
007092
000948
003893
003226
005823
004168
006270
002147
000839
005937
001835
002905
005391
005806
007249
001074
002893
000639
002883
001974
003222
006749
002842
001229
001775
006266
006718
004092
001689
003857
000799
004722
007229
000036
000451
006332
001375
007451
005616
004859
005424
002033
005108
002684
003281
001870
002607
001769
004423
001731
006040
003316
000324
001152
001226
005571
003393
005123
000605
001711
007061
006144
003113
003789
006828
005347
005332
005197
005030
000136
002789
001143
007244
001418
003913
004032
005793
001240
001759
004327
001109
003915
000490
002923
006872
003853
000204
003083
001437
003749
000991
001465
004123
006792
007368
001041
002833
007439
001853
001997
001032
002418
004138
006710
006739
000918
001856
002567
001060
000445
004767
000844
007198
003713
007466
002478
005122
005462
000679
007251
002590
005137
005748
002991
003219
003644
002863
006055
003413
001729
004976
001401
002604
000217
006067
001582
001867
000255
007180
002105
004734
002823
002836
001779
002288
002739
003598
004306
005471
001722
003491
007412
006886
003111
005700
005544
006236
007329
005684
001883
006679
001091
006143
005869
003070
002865
002914
005644
002098
002496
002230
002274
005584
000644
002043
006110
004039
003660
000275
000925
004305
007075
000608
006920
000580
003834
006604
003462
006278
001861
004800
001398
005318
001025
006384
001138
004977
002045
003943
002135
003277
001594
005053
003386
005113
005541
004718
002662
001989
001101
006826
000022
004098
002860
004298
000148
006908
000733
001167
001118
005741
001121
006446
005770
004891
001106
001818
000234
003248
002158
003061
004196
003274
006932
001159
000905
002889
000056
006658
003143
004719
007413
004798
005100
007407
000590
006754
000031
003601
000201
007213
000560
001854
004592
002719
004124
000223
001204
005967
001659
004863
005877
002280
006309
000549
002831
007393
007029
003091
006056
004745
003071
005542
007281
004686
007071
001290
002294
004586
000576
004624
005168
005484
002891
004536
001326
006495
003942
000990
000955
001131
001491
007392
006440
000858
004542
004482
002578
000911
000216
002912
002139
004874
003810
002703
007206
000253
004342
001186
007278
001514
006026
002013
004614
006665
001625
006807
000034
001272
000143
006871
003518
004907
001376
001198
003005
001748
002368
004173
004710
005954
004802
007331
002148
000150
001726
001434
006379
005329
005324
006938
005043
003987
004593
005761
005882
002563
003028
004182
004365
003693
005497
006138
005431
006582
004663
001551
003486
000558
007335
004845
000420
002115
006462
002921
005964
000203
001381
001365
001695
007349
000369
000297
003372
006329
003425
003972
000525
000973
006074
005304
003147
005510
003832
000805
004468
005921
006250
005771
006237
001626
000884
001038
007340
006439
004922
005017
000448
001949
006931
007105
005825
004998
003234
006031
004076
000475
004316
000077
003024
004013
001435
004169
004265
002644
004732
002470
005387
000722
003159
003699
001046
005233
000114
006363
006796
006202
006527
003238
004578
000331
005941
005177
001679
002349
002133
003923
000794
002641
002583
007219
000904
001343
001996
003128
004116
005261
006971
005394
004058
006916
001242
002035
006365
003614
000472
002724
001781
007231
006559
002614
004388
000048
003710
006320
000215
004964
005343
000028
000976
001128
006654
000920
000914
001813
007013
006851
000910
001190
006672
006600
004006
001612
006664
005827
006957
006518
006617
006818
000247
005400
002341
006157
002421
006970
001953
007043
002461
004135
000261
007348
006911
004299
005263
001175
006584
000960
000845
000563
002162
001351
005521
006907
004688
007039
003833
001851
005836
003616
001703
004343
003074
003025
002925
005940
001289
001911
004216
004993
005953
000874
005740
002956
006293
001317
000660
002783
005118
003359
003636
000088
003408
005593
000995
003427
006629
000665
001068
000280
005242
005913
002947
005473
006305
003584
006085
004956
001512
002095
004816
002456
007437
000265
004081
000446
001231
006072
006007
005728
005097
003501
004914
000307
002134
006526
003004
006743
003870
004014
003302
003357
001742
003657
003822
000651
006967
005860
003550
006569
004910
001708
005842
003506
004315
006949
005914
007199
000867
005710
005112
001316
001170
005533
003906
003613
003672
004065
005763
005106
001912
003889
004009
000040
002082
003345
004027
003093
001887
003701
003406
003621
002070
000909
005292
003037
007449
000726
007044
006669
003351
002909
001732
003416
004886
001444
001488
006601
001072
001024
003888
005340
004575
005878
001572
003451
000828
001391
002938
001778
004634
000551
003776
004953
001425
002627
004547
006777
005022
005855
001837
004731
002624
000202
005713
001197
003040
000615
006876
003548
004639
003479
002273
001250
005181
004744
002521
005520
000916
000041
001530
006035
006694
000485
003090
000530
000516
000115
003711
005199
005275
005331
001531
000303
004866
002337
006105
000842
003426
002104
000019
002187
001852
004450
002987
005601
007137
006813
004384
005475
004679
004881
007136
004472
006023
006380
005469
003407
003325
001957
003985
005024
000263
000519
005782
001519
000908
001807
000631
001134
003560
007353
006667
007158
004184
001567
004312
002218
005564
001919
006811
006701
001001
005582
006520
004368
002973
005465
003983
001776
006017
003362
006145
005550
003129
004480
000333
006038
004940
007159
006071
007214
003310
007089
000273
001611
000382
006271
005467
000981
005853
004834
004049
007285
007114
001218
001944
005518
003224
000671
007042
001254
004026
005278
001664
001614
000318
007160
004331
007205
004577
004355
000511
002900
007276
003656
000399
000926
003865
001973
007212
001985
007338
002974
002990
006015
006136
003138
007169
000336
004137
001797
005617
001044
001892
001651
002193
006382
007351
003690
005161
002417
001224
006546
002753
002955
004553
005898
006904
004429
005591
004328
003489
004628
006197
005144
000705
006042
006752
001832
007294
003769
002817
004991
000866
001245
001596
007479
006099
001910
006819
007101
005895
002901
003922
001734
000348
007333
006298
002752
003160
000786
001122
003324
003964
004516
000313
001460
004432
003864
006306
005625
001493
002712
004883
006831
007377
001846
001610
006753
005426
002431
006497
003995
005148
001999
007122
001803
006673
004389
004287
003508
000522
005389
005711
005915
004109
003958
001480
003236
006887
002529
001306
003221
001841
001558
000993
003909
007067
006616
001608
001165
004633
002556
002042
002188
000062
001077
005880
002191
001447
000935
001753
003770
007242
006685
001279
005365
001120
000556
005326
001936
002807
006221
002915
004569
001639
002802
006745
000405
005416
002716
006030
006153
004749
004730
002655
006385
003148
007031
004284
004370
000535
004120
001140
007166
005308
006235
006420
000600
004147
001179
000745
004843
000529
006113
001089
002820
006297
002486
002520
000327
000200
002164
000245
001675
003013
004019
001617
002255
000093
005736
001253
001802
001070
003829
000471
001916
000144
005090
006209
002467
006613
007384
003261
001257
000942
002964
004086
006429
000649
004409
001053
000373
005791
007284
004289
005436
004562
006802
000567
000132
005555
005028
005178
004635
005839
001682
000227
002856
007011
001137
006358
006393
005146
003809
007176
004880
006120
000112
003470
003337
003807
004033
001609
005784
002277
007306
001112
003707
004250
004345
005537
006296
003670
003526
006443
006513
001015
006441
005872
000468
003456
001635
006793
000349
002334
002782
007415
004885
001389
002264
006943
005565
005597
006671
004005
006693
004797
002877
002709
002063
003023
003376
004877
002963
004941
002090
005477
001310
000495
005675
000852
004339
007178
006774
005923
001220
001719
005051
006653
001578
006498
000810
