000969
004168
000987
002015
002166
003002
006099
000272
002663
000262
005454
002577
004862
005930
000544
004046
006149
005896
003996
003358
006060
000376
007147
002479
007118
007334
004997
004107
005393
004019
003590
003924
005067
000328
002603
004682
004433
004229
000813
002859
002795
002978
003752
001930
002729
000624
006352
004308
002505
006174
002119
001239
001629
002031
003973
005720
001457
001985
002902
000960
003655
003258
002487
006622
006578
000367
004003
001877
000738
006879
004316
006195
005387
005768
003751
005606
006796
004757
003000
001077
001288
003068
005575
005965
004787
000856
006183
007446
003630
001567
005516
005140
005485
001233
000921
003316
000986
005038
002133
002339
005700
006744
001772
000475
004271
000025
004584
001648
004354
006628
006625
006347
000141
000602
006598
006635
007016
000763
006948
006629
002267
003045
000932
000162
002481
004382
006316
006990
004817
002452
006246
004767
000696
006596
005376
002887
001801
005798
001389
000160
001275
002920
006819
005976
006091
004556
001256
006081
000347
000232
000788
000732
002657
003091
002321
007000
001923
007117
006915
003627
004740
006534
002722
005414
007073
005464
004218
003618
004999
004973
003361
004763
005369
001586
001488
000681
003736
001549
003452
004257
002248
005806
001155
000231
003546
002877
005378
006614
005028
003442
006700
001493
005628
002328
002620
006850
003184
004594
004400
000601
005257
005706
004422
005963
000401
000668
005726
003637
007347
004149
007022
005663
005807
003613
007364
002983
006179
000406
004203
002593
003903
001045
005603
001067
000319
006311
003482
004776
002095
002637
004836
001194
001538
003760
004430
002496
003380
002592
005177
003573
002935
004439
001960
002693
002263
003454
006768
002431
006295
000290
007286
002379
003608
004865
000004
004811
003606
000074
006290
003199
007282
005919
007404
005301
002679
004411
001906
000502
003650
003808
000332
001708
007119
000317
003525
005242
001333
005269
005390
006233
002093
001978
004847
001501
005540
004091
000488
000807
003008
006465
000111
006943
002515
001053
004155
005232
000073
000013
004710
004949
001767
003355
006746
001563
002361
000450
000646
001363
001307
006896
002883
004802
006105
006214
004039
003741
005985
002209
004429
004714
005759
006513
006441
004535
002992
000067
003859
002294
000444
004641
001240
000506
000109
002705
002039
005107
001276
004864
004797
006450
000989
006863
000991
001857
001038
004346
005060
001852
005250
005419
000058
000123
001698
002247
000045
004292
001961
004601
001119
004855
004857
006637
006636
000257
006676
007410
000872
002639
001856
001171
006272
006355
004108
005394
003036
004705
003313
004873
003936
002748
005655
002177
003172
004458
001483
005237
006537
004728
002585
000581
002066
003561
001579
000402
000722
003989
005732
000505
000956
003072
006569
000802
006531
004023
001213
001159
004111
006247
007028
006876
004561
002245
000135
003710
004567
004987
004317
007441
003601
005445
000116
005590
005459
003984
001191
005532
006288
005185
001993
000310
000703
000304
005868
000027
002322
000035
000065
006419
003089
006445
001604
006142
007474
002904
004401
000343
002965
003651
002469
007320
000976
000176
007111
005713
004807
005085
005624
006893
000033
000459
006185
000938
001105
007146
007086
005030
007149
004228
003584
001241
006260
005093
002252
002142
007015
001560
001303
000342
003789
007179
000418
005475
004219
005251
006470
005340
006383
004859
005650
000104
006004
006368
004755
002762
002365
004666
001278
000472
006536
003947
001800
000999
002717
000951
002464
001359
007019
002622
005637
002712
005222
002847
003617
002419
001334
003071
007101
005528
004921
000826
001399
005631
002352
006844
004828
006752
004129
001945
000097
004408
003931
005333
004305
005602
000730
003676
002897
001587
005686
005094
006301
007080
005645
006741
006758
005952
002726
001206
001785
001294
000603
004673
004527
005884
003206
006816
006724
001022
005158
000295
000705
005593
004199
006076
005292
002470
005044
005176
005772
007018
003698
002926
005262
000082
006704
007267
002203
005352
000784
005743
003990
004812
006845
001491
006624
000855
004488
005195
001360
003968
000308
004790
007034
005255
006117
004677
002588
002426
005209
005271
002159
003820
001028
007071
002077
000961
006208
005678
001656
005530
005037
007406
006835
006384
006431
007031
003063
000377
003371
005049
007221
002022
000528
005090
001264
002796
002450
003743
000471
006394
006776
005087
002644
005007
003754
004426
006705
004482
006798
003445
002690
004916
002968
006593
005737
003219
002731
000912
002266
001725
004289
006737
001335
001316
004274
002521
007211
000556
000164
001108
006657
007371
006950
000495
003953
003993
003126
004630
006797
004977
005829
002821
001070
003631
004151
005945
002696
006358
000786
003521
006249
004065
006336
001317
004248
001791
006236
002522
000585
003276
007172
005238
001326
005709
003656
000610
000264
000944
003465
000891
000314
007180
007365
000117
004349
003571
001942
003308
001571
003218
005339
000408
003185
006140
006982
000318
003393
001657
004574
000820
005427
004242
002806
005734
005538
006395
002665
003745
005079
000409
006644
000909
007103
004789
004896
006813
007021
004191
002654
002984
002864
004532
003593
005796
004858
001721
005851
002091
003991
003544
006866
004546
002609
007115
000219
001005
006154
004475
002088
006385
002651
001733
002125
000898
001714
000598
002684
005688
000429
001386
000251
005971
003399
006361
006032
000680
001216
001608
000811
004278
000356
006444
004827
005101
001814
001044
000965
006749
004603
001347
003557
001285
004266
007230
001346
003127
003734
002070
004581
005052
007108
003680
001298
006956
001699
006055
000998
002940
006914
006764
000203
004632
001517
004451
007175
004140
007143
004253
000382
003722
002720
007033
006367
001154
001313
002480
004150
006508
006507
003847
003839
000850
006108
004100
005021
003481
004195
004192
000863
003490
005721
002618
000392
003700
007131
007163
003060
005050
001737
002740
004033
001505
003558
003225
004947
002547
003514
001759
002475
006632
003854
004685
002704
000448
006767
004086
006493
000708
001846
002996
000225
005409
005545
003351
000814
005129
002633
001870
004504
003954
000543
003625
002029
001394
003433
005625
001588
006152
002144
002668
004981
003238
001826
005705
003729
005722
004933
004460
001633
002249
001819
001128
000943
002855
004273
003552
002150
006013
004640
000020
000659
004597
004119
001955
002342
000835
004765
007212
001720
006331
004320
003264
004490
001862
004496
003459
003435
002625
002374
006599
006701
002862
001433
006324
004517
000940
002442
002154
005592
006616
002455
007048
002018
003252
001281
006485
003692
005597
002050
005405
007330
002538
000207
000385
007395
004668
001224
005355
003248
003969
001339
000970
002812
006472
000487
004678
002420
006104
003103
006934
004233
003416
002295
006229
001252
006068
005998
004609
003059
007025
001248
005231
007409
001548
004311
000311
005353
000075
007087
001876
004799
001886
002046
001812
004052
004403
004674
002623
000888
004338
006242
003046
007167
002976
006725
007311
001558
000595
003952
001035
006529
006172
004370
002148
002437
000179
003498
000823
002421
003349
006115
003338
006073
002702
004788
004650
002875
005041
000470
003289
002956
004753
005612
006092
007041
005712
004075
005082
006285
004459
005343
003622
006654
006300
000664
002049
002462
007047
003251
000828
007060
005204
002513
006908
000489
001562
002228
005984
004208
004350
004943
004979
006203
005017
001600
007005
005048
004020
006200
005474
002653
002306
007310
006492
003020
004838
006215
006515
001284
005341
001489
007206
000641
003665
004888
005535
002707
005746
003202
002903
002147
004448
007030
006595
002998
001328
002967
005482
000656
000359
001487
001379
001192
001884
004128
007220
000557
006148
001795
006985
001142
005379
006061
006131
004479
003458
006082
001122
002386
004380
001198
001242
000323
005562
001002
000268
001469
003720
006182
001755
002805
006239
001644
005569
004957
003522
005832
007094
006452
001909
000922
004057
002919
000092
004212
001519
002333
002889
003946
001765
005903
004318
000756
002597
005994
001689
005329
005446
006328
006933
002126
001568
006812
005230
006875
002206
005596
005253
005258
003085
004723
006337
000210
005408
000512
006556
001631
004004
001861
003287
000718
007357
002695
005382
004384
000144
001017
003636
002543
004058
003693
005553
001472
006711
002195
004230
001811
000900
006473
002414
005633
007160
003348
003475
001679
000193
001849
004139
000003
005950
004716
005788
004930
002842
003319
006807
002036
000928
000899
005273
005681
003146
004718
001655
000439
000726
004698
007295
002060
005978
004156
002860
001949
001056
003580
007268
004522
000161
007308
002912
003149
004846
005764
000271
002514
003744
004892
000405
006216
006927
001566
005326
004720
005469
002324
004260
003284
001997
005641
007001
003365
007014
004303
006474
005758
004506
005148
002279
000226
006392
005201
006001
001169
001059
001825
005725
006348
001183
005862
006197
006586
000704
002162
003144
007145
001245
001970
002829
000457
000515
004539
000087
002783
004760
004959
000919
007207
004652
001331
005412
007136
007415
002613
006387
001452
001293
003726
007426
004066
004444
003461
003006
003375
005745
007478
000060
002921
000032
004259
000322
001693
006612
006398
001975
003065
006862
005559
002715
006895
007122
000914
003956
002962
006874
004189
005644
003840
000315
002933
005347
001776
003186
004752
000661
001615
005328
004492
006304
001736
005068
005490
006253
005489
000136
001580
001400
001731
001371
004325
004804
004489
005512
006194
003241
004272
002184
005173
003731
007293
001834
000447
005160
007244
007401
000313
000131
000778
004485
007069
002669
005780
004598
003753
006424
002171
003290
003515
007002
004059
006864
005425
001754
005073
007378
007200
003796
004010
006410
000871
003883
002694
007448
005235
000572
006539
006810
003696
005695
004853
000269
005619
006702
001912
006309
001756
005491
005567
002229
005654
007313
005882
005915
002359
005022
003467
001956
002936
002566
005909
007114
006576
005344
005683
006546
003240
002661
000829
000761
003141
001659
001048
004243
001669
004008
004602
004087
002989
005856
003825
005604
001448
007157
002169
006270
003529
004681
002508
002868
001794
002819
001540
003998
002065
003616
000957
003100
004414
007449
003119
006549
000119
000118
005062
003855
007461
007442
001827
007413
001037
002517
002071
007161
007027
002275
001211
006778
004197
003556
000517
006518
006261
004589
003911
006146
005080
001647
006650
000689
005886
005526
004421
004952
005299
003781
005944
001057
004779
000511
001995
001867
006857
001831
004166
003189
002872
000653
001705
005790
003856
003728
007381
000628
004649
003977
003849
004336
002037
000029
000650
001779
007173
001049
000861
005443
006903
001033
005397
001950
000360
006766
005833
007284
001306
006690
006021
005205
007013
003450
003589
005510
002259
000854
004784
002190
004770
004985
002757
006765
006363
005657
001724
000525
005165
005153
002706
007056
004742
003527
006541
003987
003550
006461
004734
007154
004402
005415
005692
002774
004600
005724
003492
004717
005980
002882
006969
001148
007133
005069
002250
004786
006007
001952
001596
007281
003602
007423
006489
002292
003360
004167
000094
004113
003538
005873
007038
000056
004143
001442
005501
003867
000993
006310
006953
007061
001914
002459
000714
005791
000747
003633
003410
003677
001894
002137
001583
001027
004955
000095
003061
006376
000749
004094
001804
004210
004471
004870
005293
003582
000446
006101
000042
006603
005656
004121
001106
003746
001581
001919
000529
007412
001209
004945
002958
001658
006703
006255
003131
006841
006343
006912
004809
004660
002621
004912
004879
006832
000679
004079
000476
002175
004073
004016
003115
004653
002988
000522
001446
003121
004383
005161
000438
006655
000285
004015
004277
000907
000243
003494
007343
001972
006788
001352
004268
002371
002990
004994
005983
000535
003994
002794
005975
001833
000795
002059
005505
000380
007049
000499
002084
006892
004063
007480
005011
002223
003215
005483
000267
005207
003376
000292
004467
005611
001443
000739
002446
005544
003663
001438
007379
000707
001090
004813
003646
001734
005784
004841
006742
006212
006683
000975
003818
005350
002370
004255
000253
003364
001449
003641
002871
002186
004586
007042
002540
000839
003018
000720
005119
006777
003285
004974
007130
003684
002813
007171
004172
003923
000848
003687
007272
007003
003023
000803
004499
003878
006191
001479
004263
005198
000865
004726
001813
004505
003826
006535
003874
005871
006889
006162
000551
004455
006100
001774
000545
003205
004416
005275
005848
004413
001901
005307
007420
002788
004832
006530
002699
000102
002329
003314
007333
006006
002925
005769
002590
004315
005116
005254
002273
000576
004664
004732
005943
004387
001214
005186
001996
003257
007188
002836
005317
003940
001003
001451
003245
004133
001134
000430
004552
001157
004918
002207
006997
004469
005167
005747
001092
006018
004837
000962
000570
001845
000706
002830
002221
002769
004194
005472
003401
006998
000168
003229
002214
000017
003352
001584
005939
002397
003604
002340
005880
006059
004054
003669
005395
006360
004188
002710
000101
006308
003957
000324
006165
007150
006743
002510
000403
000809
005228
003981
003776
000355
005870
004856
003500
007321
000946
006727
003003
002302
002239
002196
003082
001160
001576
001225
000122
006878
005418
006846
006620
004205
005839
005902
000558
003473
005190
000949
007234
005913
002724
007142
005338
000491
000500
000634
005893
000648
006925
006783
007318
007452
002406
004160
002326
004885
005142
002839
000644
000460
003035
002393
006512
005717
005128
000884
002924
000456
004313
000307
006144
005212
002732
003107
001235
003420
002396
003716
006971
004222
004889
000466
007099
006965
001873
006661
007280
003160
004447
002851
003124
002942
005311
000978
000480
005400
005484
001589
004727
007436
006961
003966
004564
000518
006955
000348
000633
007226
001902
001232
003872
001976
006442
002763
002617
000507
003723
006720
000255
006936
001190
006526
000652
003761
000549
000660
005234
007135
003755
003678
000906
007059
006721
004899
002947
006125
006257
002463
000041
003311
006482
003628
001706
002320
005591
006012
003201
003444
004559
007249
001464
003083
001304
005014
002711
003031
001086
001632
005272
001111
003147
002458
002682
002210
004468
006070
002283
002011
007081
003414
004634
006840
002846
003078
000227
004882
006320
007390
002736
003501
000400
000294
003827
003224
002898
003788
005111
006659
000496
005138
006538
005005
002645
004051
001642
006733
004148
002453
001622
001525
000594
004922
003309
001963
005887
006718
002383
000280
002760
003015
004793
002176
000334
000862
000985
000754
007345
003978
002900
004014
003958
003979
006153
004465
000550
002174
002810
001063
000781
003440
000539
000090
002863
001376
000153
007273
002415
003857
006379
001911
001030
002792
002537
002392
004509
007036
005189
005147
004067
005966
000797
006116
006627
001913
006849
000751
006217
000256
003819
002106
004494
000424
000378
005456
001744
001832
003921
000325
006388
005855
002814
003026
002101
001149
003047
004541
006886
006880
001151
001440
000133
005614
004427
007306
004099
007100
004286
001981
001358
000613
002017
002672
000779
007260
002118
007352
006748
006349
006504
005281
002130
001269
004174
007403
006907
002923
003040
001904
001675
006791
001620
007341
006037
007405
004693
006626
001897
006468
003517
005503
004803
003050
004816
001936
005219
003163
000021
006847
004112
000753
004093
001636
000057
006265
003421
005993
006058
005386
006095
000815
005213
004843
007183
005888
005356
003896
005785
000390
006821
004956
005366
004236
002994
002319
006575
002718
003836
003022
003750
005304
000569
004223
003407
001607
004951
002648
003403
005536
003457
003774
005719
003213
002612
000532
007393
007024
002511
004480
004001
001635
004780
004844
000428
004904
005358
003806
003689
007444
005481
001370
001409
001781
005942
002568
001466
001227
005178
000931
006305
004550
005703
000365
002402
004217
007354
003154
000939
002808
003596
006694
007210
004213
001043
006509
007384
004806
000009
003390
000306
007434
001009
006588
001673
000139
005336
005916
001039
001085
005132
001463
006258
004572
000670
002869
004533
005000
006582
001663
001592
002140
004937
006026
001977
004824
005861
005947
003899
000112
005389
000263
006287
003683
006296
003904
007361
002817
002246
001624
005898
000288
003767
000422
003598
001201
005077
006275
004024
006802
006176
002104
000316
004431
001098
000309
002589
007064
005226
004432
003555
002698
005824
006271
006128
004542
006828
000185
003136
002673
003262
004593
001356
005588
002615
000126
000741
003516
005999
004178
001013
007399
004235
002332
002072
007392
005741
002915
002375
003033
002638
000199
002181
006453
000397
003505
006868
000636
003690
005024
000070
002204
002090
004887
005440
000435
006638
001107
001578
002010
006158
007382
002687
006404
004560
000103
002234
002649
000604
004362
006770
000734
001521
007460
000223
005689
002087
006317
003315
006673
005192
007082
007277
006015
005733
005377
007085
006968
003228
006196
000398
001817
005149
000181
000617
003474
005670
002308
007428
004372
004591
000037
003995
004221
002451
001283
005193
003211
005908
005184
001112
003471
006870
003325
005279
000725
005658
003270
005282
003306
006267
002112
002043
003787
005987
002999
001408
002048
003255
003801
005136
000107
005076
006882
001618
002224
000873
007283
000171
005814
005374
001480
000715
007356
004954
001072
006685
000194
003483
000152
002436
002799
001992
003194
000051
001420
003087
000156
003845
005131
004047
003707
003099
005635
000250
000442
002986
004041
002236
002781
002293
005981
005679
006409
003579
002666
006759
007184
005541
004287
001676
004069
000979
003134
002798
001959
005452
002664
007342
002080
005411
006510
001006
006433
005822
000279
001650
000426
005662
003983
002507
004796
006071
005006
001773
004256
002583
003140
003183
006033
006359
000247
000291
000453
004569
001424
000501
003413
007104
001082
007023
005478
004483
005057
002353
003523
004323
000150
005936
004077
007089
003273
000451
006533
002208
007057
006175
007430
006930
005685
005315
000775
001803
003239
006572
003768
004074
002213
001064
001789
007322
002131
001237
004612
003039
005095
006031
006605
005227
001439
004877
006134
005088
004596
003197
004045
001854
006382
000011
003389
007363
004376
003007
006583
005767
001925
004616
001775
001410
004209
002434
001458
001029
000431
006836
007317
004683
006826
003509
002158
000395
000799
004211
006558
005036
001403
001719
005537
001473
004935
000759
001255
002134
002102
003629
005092
006129
000079
004820
006088
001411
005748
003409
005316
003623
001839
007043
002605
002979
003605
006346
002057
000159
001113
003907
005260
003472
002570
002382
002542
002553
005174
003823
000575
003330
007360
002832
002389
005634
004356
002499
004635
004331
007366
006681
005288
005710
000388
001806
004092
000688
001450
004861
004321
002816
000077
002500
000655
001163
003528
002055
004902
003962
001871
001640
000840
001257
003055
007285
007141
004134
005105
006381
005303
006486
000338
003353
000923
001021
001627
005877
006668
003671
001100
006949
006717
007233
005752
005453
007470
002532
005560
004942
003881
006293
007008
004658
005581
001430
003396
004510
004969
001531
005850
004006
007400
005363
003910
000204
005233
001700
004417
004562
001684
002662
004187
002955
002966
000520
002290
003242
005154
002438
001187
003777
004018
005122
002211
007386
000454
005609
003286
002932
006822
005755
000559
002982
006266
001407
001454
002323
001514
006294
004491
001175
004241
000114
000881
005969
001882
005402
000191
003709
006136
006168
003379
003963
002014
004152
005337
006005
006292
006181
001879
005416
004748
004746
004335
003905
001097
004314
001366
000228
007139
004371
003586
005744
003660
007092
005437
004342
005774
000186
000127
003694
005451
007431
003122
002345
003918
006754
000727
001392
000286
000789
006808
005874
004845
000030
005034
007105
004082
001218
000849
007304
007350
001889
005460
004182
003577
002201
002355
005216
002146
005015
005435
006980
006426
003926
006364
001286
004644
004707
001418
003757
003398
004009
003727
004588
002789
003895
006621
005248
006680
001296
000847
000174
006988
005584
005643
005740
002854
001606
005566
007336
007312
006873
006062
000674
001497
005694
004042
003030
003670
002856
003404
002880
002678
006809
001189
001203
005276
005922
000851
005900
007102
006938
002047
002430
003565
006505
006580
000736
004893
004619
006913
004220
001522
001541
004171
001138
007429
007417
004875
003518
003763
006380
004895
001890
003001
003551
003484
004747
002886
004891
001709
007328
006155
005354
001943
000902
005223
001007
000774
005808
002561
005157
001787
005667
007389
007450
003901
004196
005858
002281
001383
002790
005690
004570
002367
000234
006429
003887
006602
001543
000591
004520
002025
004007
003288
002006
006333
000555
005126
003466
006978
007242
004525
000445
005956
005243
003305
005968
004379
003937
005799
001223
005647
004758
005623
007239
007138
006609
005731
000776
000350
000477
006407
006736
006020
004829
006339
004130
003917
004200
004215
004285
006318
006803
002212
005373
002602
000953
004105
002688
003574
006557
003816
003113
003161
005171
006910
000213
005211
001047
004998
002755
007455
006083
003912
007050
005083
005188
003536
005404
003049
001031
002993
001215
000947
007040
004070
004680
002569
005816
006645
000977
004392
006206
003156
003699
001004
004388
002160
005757
000321
004708
006904
003713
004348
004283
005300
006374
002741
006994
006335
006740
004849
000018
004515
004050
003972
000106
001126
001176
005842
001645
005202
000882
001144
002041
003456
004976
000723
001748
004381
001103
003366
006430
004276
003260
002831
003370
000792
001308
000513
005066
006951
000113
004910
006900
003431
006973
005229
003368
001205
004868
006559
005359
001494
006235
004022
001878
003809
003880
003135
004595
002708
006670
003765
003042
000278
003739
002385
006276
002242
007425
007391
003863
006264
007155
002802
000903
007380
000794
005626
000836
004613
003412
007447
003930
002818
004162
006940
002185
002606
003892
003632
001788
003261
003105
003169
002141
002751
007187
001042
002533
002472
004201
003084
001565
004631
005927
005182
000869
005407
001249
001345
000870
000988
002358
003643
000945
001078
007195
002519
006164
005125
006466
000198
003644
002217
004563
001704
004275
003142
005406
005931
006634
003460
000812
003265
000242
005669
003076
000942
002285
007289
004665
005675
002697
002541
001344
006186
007075
004202
005346
004553
002874
005026
007074
007067
004592
003293
001083
003279
006207
004418
004080
002411
004850
000710
001556
006050
005520
003862
007463
004005
004743
000221
001272
006805
007162
001808
005552
005504
002857
002745
002551
004536
000927
002520
001414
003362
003737
005865
001518
003282
005558
002350
001133
002416
006319
007427
004239
000712
005776
005883
004917
003220
001012
002838
004834
001968
007205
002264
003025
005059
001300
003843
001766
001639
005498
007257
003784
002262
001746
001455
006262
005992
000853
003535
003274
001623
001341
005582
006046
005901
002373
002780
002405
004158
001118
002550
002178
002432
003171
000130
005960
006113
007397
002075
005632
000627
001510
004364
001041
004123
005649
002425
006484
006078
006944
003721
007062
003143
005370
004454
005815
003674
002067
003815
006198
003858
006483
001166
003612
004035
005169
000599
000432
006028
001859
001903
006946
003331
005345
003704
004330
005296
005236
000612
005208
004115
003111
002325
001416
002444
000842
003861
001353
005629
006342
005168
005194
003004
006937
000034
003139
002023
001537
005782
004679
006254
005180
006365
006931
006573
002559
004503
002552
005170
005297
005365
003932
002733
000303
007055
000078
005091
004028
006888
005372
001210
000662
002172
000086
004702
001661
006009
001934
004142
005910
003822
002449
001971
000783
004251
006110
006594
001362
003852
005145
002548
006056
003697
005130
004983
005438
007219
004224
004990
002782
002356
005016
004032
004281
004309
000261
004573
005941
003173
000246
006784
006649
000503
006562
001372
005166
003702
000897
005117
003209
006306
000864
003469
004085
001999
006775
001263
001290
006825
001778
001222
006435
002337
000577
005652
004487
005063
005306
003429
000089
004291
000098
000614
000924
001740
007271
002667
002403
003780
005246
002424
000667
004374
006527
001842
006926
004516
002750
006476
003614
001730
004110
006010
003908
006790
003831
005912
006377
002327
002399
003587
004657
001096
000967
004037
005342
004389
005920
005290
007214
001374
003254
003572
001212
001940
007227
002833
003695
004327
004518
005977
004470
004638
004095
005152
003540
001888
000155
007456
002885
005259
001167
004731
004972
003975
005696
000632
003838
003200
002409
007026
006222
001917
003170
001951
003367
004526
002970
005285
007290
001637
004072
001815
003118
004880
001117
007186
006218
002215
004580
000486
004428
004576
001076
006502
004900
001980
001573
001419
002565
002202
007359
003064
001152
002225
002809
002310
000014
000546
000678
000172
005361
001297
004232
005958
000064
002975
005583
003123
006408
003024
000934
001282
006554
002368
005659
001310
006413
000608
006901
001398
006449
007324
002719
001065
003539
005550
005805
006017
004624
005320
006454
002867
003583
002766
002773
005779
000411
001599
004735
002448
005613
002744
004234
000293
003600
003893
005515
003585
007134
003478
001691
002151
003448
004098
007032
005828
001569
004000
006587
001532
002954
006710
000787
001946
006417
002952
000479
003468
005139
007303
002631
005465
000076
005651
000197
005313
000762
003333
002907
005527
002721
003929
000567
006617
002123
003227
006219
002286
003207
000413
004815
001582
000333
000085
004062
003541
007126
005502
004104
005239
006771
000561
006469
006756
004869
004367
005812
003079
000553
002493
006957
005391
002916
002909
002016
000371
005793
002700
006085
002701
005463
004982
004777
001381
001102
000806
006981
004404
006600
001343
001254
007190
001533
002779
002837
002061
000915
006283
007166
001299
003462
002372
001055
001375
003889
004764
000510
003543
002058
003511
007208
001944
004297
001390
000188
002564
001850
002608
005803
006565
000744
005660
005576
004778
006838
004818
006279
004415
002676
001127
000671
001014
