000007
000009
000011
000012
000014
000016
000017
000018
000036
000038
000043
000044
000046
000049
000051
000056
000060
000064
000067
000068
000071
000072
000073
000079
000080
000085
000087
000091
000092
000095
000097
000100
000101
000105
000111
000114
000121
000123
000125
000127
000131
000138
000141
000142
000144
000145
000146
000148
000149
000150
000154
000155
000158
000160
000162
000164
000165
000166
000171
000172
000177
000178
000179
000184
000200
000202
000205
000219
000220
000221
000222
000225
000228
000238
000253
000254
000255
000256
000257
000258
000264
000267
000271
000274
000275
000276
000277
000285
000286
000287
000292
000295
000296
000300
000303
000306
000310
000316
000322
000325
000326
000330
000334
000339
000342
000344
000348
000349
000363
000364
000367
000371
000374
000380
000384
000387
000389
000400
000405
000406
000410
000411
000412
000416
000421
000423
000432
000433
000434
000438
000445
000447
000449
000462
000471
000482
000483
000484
000487
000488
000490
000500
000501
000502
000513
000514
000516
000518
000522
000525
000535
000538
000540
000553
000562
000565
000576
000582
000585
000586
000592
000593
000594
000596
000599
000602
000605
000607
000617
000631
000632
000638
000643
000651
000652
000653
000654
000661
000663
000675
000685
000687
000705
000712
000713
000715
000720
000723
000724
000732
000733
000735
000739
000742
000743
000747
000749
000755
000758
000762
000763
000764
000780
000785
000787
000788
000794
000796
000797
000799
000808
000813
000814
000815
000820
000829
000830
000832
000833
000836
000846
000853
000855
000857
000861
000868
000870
000871
000872
000882
000886
000890
000892
000896
000902
000906
000908
000910
000914
000918
000919
000924
000929
000933
000935
000936
000937
000946
000959
000960
000962
000965
000968
000972
000975
000980
000982
000992
000993
000998
001004
001016
001023
001030
001032
001045
001047
001049
001052
001056
001060
001064
001072
001080
001081
001082
001093
001098
001100
001103
001109
001117
001128
001137
001157
001159
001165
001168
001171
001175
001184
001186
001200
001202
001209
001211
001227
001229
001247
001248
001262
001264
001276
001278
001280
001290
001298
001301
001310
001311
001313
001316
001319
001320
001321
001322
001326
001340
001341
001349
001351
001366
001368
001370
001371
001373
001378
001383
001385
001390
001393
001396
001399
001401
001402
001403
001404
001405
001408
001409
001413
001414
001420
001426
001429
001430
001436
001447
001452
001454
001455
001457
001459
001464
001465
001467
001468
001470
001472
001479
001483
001484
001490
001491
001498
001499
001503
001504
001505
001506
001510
001515
001518
001523
001530
001532
001534
001539
001543
001556
001572
001580
001595
001604
001607
001608
001612
001622
001624
001628
001630
001637
001639
001641
001644
001646
001648
001652
001659
001661
001663
001671
001672
001674
001681
001685
001686
001687
001688
001690
001691
001696
001708
001715
001716
001730
001737
001738
001744
001747
001753
001756
001759
001760
001763
001766
001767
001770
001784
001785
001788
001790
001791
001792
001793
001798
001799
001803
001806
001810
001812
001816
001836
001837
001841
001842
001843
001847
001850
001857
001870
001871
001873
001874
001876
001889
001891
001895
001896
001906
001907
001908
001910
001913
001914
001915
001916
001917
001918
001921
001930
001935
001950
001951
001956
001961
001962
001963
001964
001965
001973
001975
001976
001981
001987
001988
001990
001992
002005
002006
002007
002015
002018
002024
002032
002040
002047
002060
002065
002066
002070
002083
002084
002088
002092
002095
002096
002097
002104
002110
002114
002125
002126
002133
002141
002147
002149
002154
002155
002157
002171
002172
002175
002176
002180
002181
002186
002189
002190
002194
002197
002205
002210
002212
002217
002221
002223
002230
002231
002238
002241
002242
002253
002259
002261
002264
002275
002278
002281
002285
002297
002301
002302
002305
002309
002311
002317
002318
002322
002328
002331
002333
002339
002349
002351
002363
002371
002375
002377
002379
002381
002388
002395
002396
002417
002426
002427
002435
002436
002444
002448
002451
002452
002459
002464
002465
002466
002467
002470
002471
002472
002475
002480
002481
002487
002496
002501
002508
002510
002517
002527
002533
002535
002536
002537
002542
002547
002561
002571
002573
002576
002578
002587
002588
002595
002596
002607
002609
002614
002616
002622
002623
002627
002632
002634
002639
002642
002649
002650
002652
002654
002659
002662
002665
002668
002672
002678
002679
002682
002683
002688
002691
002703
002704
002708
002714
002731
002734
002738
002754
002759
002762
002768
002771
002778
002779
002782
002791
002792
002802
002803
002807
002816
002819
002821
002822
002823
002825
002832
002834
002835
002838
002843
002850
002851
002859
002864
002870
002871
002873
002874
002899
002907
002909
002910
002913
002915
002922
002923
002926
002932
002933
002936
002939
002940
002943
002946
002950
002954
002965
002973
002980
002981
002987
002990
002992
002998
003008
003009
003013
003015
003017
003018
003020
003023
003036
003037
003039
003040
003041
003051
003057
003070
003084
003086
003089
003091
003095
003097
003108
003111
003120
003125
003132
003138
003139
003140
003143
003149
003151
003152
003154
003157
003160
003163
003169
003173
003178
003184
003189
003191
003195
003200
003201
003206
003212
003227
003230
003235
003237
003238
003244
003245
003246
003249
003253
003256
003260
003262
003264
003273
003278
003282
003285
003286
003289
003290
003293
003294
003309
003311
003314
003317
003329
003334
003335
003336
003340
003344
003345
003354
003356
003359
003360
003361
003362
003363
003369
003371
003372
003377
003378
003380
003382
003388
003390
003391
003398
003415
003418
003427
003431
003438
003440
003441
003442
003455
003458
003459
003462
003468
003472
003473
003475
003477
003479
003485
003486
003493
003494
003498
003499
003500
003501
003505
003507
003508
003509
003513
003522
003525
003534
003537
003538
003545
003548
003549
003551
003556
003561
003564
003566
003572
003585
003586
003589
003594
003597
003598
003599
003602
003603
003606
003612
003619
003626
003639
003641
003642
003644
003646
003650
003651
003654
003657
003663
003664
003666
003673
003680
003686
003687
003695
003697
003698
003701
003706
003710
003713
003714
003720
003722
003725
003727
003729
003730
003740
003743
003744
003745
003752
003754
003757
003758
003759
003765
003767
003776
003784
003785
003790
003791
003792
003801
003813
003815
003816
003818
003824
003832
003839
003844
003845
003846
003848
003850
003861
003863
003865
003868
003871
003876
003884
003887
003896
003900
003906
003910
003912
003917
003919
003921
003925
003929
003930
003933
003935
003936
003939
003940
003942
003944
003949
003952
003955
003959
003960
003963
003966
003968
003973
003976
003979
003987
003991
003993
003994
003995
003999
004006
004013
004017
004018
004020
004022
004024
004029
004030
004031
004035
004037
004039
004046
004054
004056
004057
004058
004062
004069
004070
004071
004075
004080
004084
004086
004088
004090
004094
004097
004127
004133
004134
004135
004139
004141
004144
004145
004169
004170
004177
004179
004181
004182
004186
004194
004197
004198
004200
004201
004204
004212
004216
004217
004218
004227
004235
004236
004244
004245
004257
004264
004265
004267
004269
004273
004274
004279
004283
004286
004287
004296
004297
004304
004313
004315
004317
004322
004328
004332
004334
004341
004351
004354
004358
004359
004365
004371
004376
004378
004379
004381
004382
004387
004394
004408
004411
004413
004416
004417
004431
004436
004441
004448
004453
004459
004466
004473
004477
004479
004499
004504
004506
004510
004512
004515
004522
004525
004533
004537
004539
004555
004558
004560
004561
004563
004565
004577
004586
004590
004602
004604
004607
004614
004616
004617
004621
004623
004625
004631
004635
004637
004639
004641
004645
004654
004656
004659
004661
004670
004671
004675
004677
004690
004702
004704
004707
004712
004728
004729
004736
004747
004754
004757
004758
004772
004774
004775
004779
004781
004784
004796
004801
004808
004809
004819
004823
004824
004827
004828
004833
004836
004837
004838
004840
004855
004857
004866
004872
004876
004880
004883
004884
004886
004894
004897
004899
004906
004908
004910
004919
004922
004923
004936
004945
004950
004952
004955
004957
004964
004965
004968
004969
004971
004978
004982
004987
004991
004992
005009
005011
005012
005023
005025
005027
005039
005043
005046
005047
005048
005060
005061
005069
005071
005083
005088
005092
005096
005097
005098
005102
005114
005116
005117
005118
005119
005123
005132
005134
005137
005146
005148
005151
005159
005169
005171
005177
005187
005195
005196
005200
005203
005204
005205
005209
005210
005211
005215
005220
005228
005232
005235
005238
005239
005245
005248
005250
005253
005254
005258
005261
005263
005264
005270
005272
005277
005278
005281
005288
005294
005302
005303
005314
005320
005326
005331
005339
005344
005348
005352
005353
005354
005355
005356
005357
005362
005364
005370
005373
005374
005380
005382
005383
005384
005396
005400
005402
005403
005412
005414
005419
005428
005436
005451
005454
005455
005457
005462
005468
005469
005475
005483
005491
005496
005497
005501
005502
005503
005506
005507
005508
005509
005512
005516
005517
005518
005520
005521
005522
005543
005548
005549
005553
005561
005562
005568
005569
005575
005579
005592
005598
005604
005608
005609
005612
005615
005620
005621
005626
005645
005646
005651
005654
005661
005663
005666
005667
005671
005674
005675
005681
005682
005688
005691
005692
005693
005702
005705
005715
005718
005719
005720
005721
005726
005734
005737
005738
005742
005748
005750
005752
005753
005756
005758
005770
005773
005774
005776
005780
005788
005791
005792
005795
005798
005809
005810
005813
005814
005815
005816
005824
005831
005833
005837
005838
005846
005848
005849
005853
005858
005860
005861
005866
005868
005871
005872
005874
005886
005891
005908
005915
005920
005929
005932
005945
005950
005957
005959
005968
005971
005983
005987
005991
005995
005998
006000
006004
006007
006011
006032
006040
006049
006059
006064
006069
006072
006079
006080
006081
006082
006084
006092
006104
006108
006109
006111
006112
006119
006134
006137
006138
006141
006145
006153
006160
006162
006172
006174
006175
006179
006189
006203
006205
006207
006211
006212
006217
006220
006224
006225
006235
006236
006239
006241
006245
006248
006252
006253
006254
006255
006256
006260
006262
006264
006268
006277
006279
006281
006289
006290
006291
006293
006295
006296
006298
006307
006309
006313
006318
006320
006323
006326
006327
006328
006330
006335
006352
006358
006361
006362
006363
006367
006374
006375
006376
006384
006387
006389
006390
006400
006402
006412
006413
006414
006418
006419
006421
006422
006428
006431
006432
006438
006443
006447
006449
006450
006456
006457
006459
006461
006463
006467
006476
006492
006495
006499
006500
006501
006511
006513
006523
006528
006536
006543
006544
006545
006546
006557
006559
006562
006564
006567
006571
006580
006587
006589
006605
006608
006609
006610
006615
006616
006619
006627
006631
006635
006639
006640
006642
006645
006668
006673
006680
006681
006684
006689
006691
006700
006702
006704
006708
006716
006717
006718
006721
006724
006728
006730
006736
006740
006743
006757
006766
006775
006779
006788
006790
006801
006805
006809
006810
006814
006820
006823
006825
006826
006827
006838
006840
006842
006846
006848
006851
006857
006859
006865
006877
006883
006886
006893
006902
006904
006911
006912
006915
006918
006923
006924
006926
006927
006929
006932
006933
006939
006946
006952
006957
006958
006961
006969
006970
006974
006975
006984
006985
006991
006993
006995
006998
007001
007007
007013
007018
007020
007041
007044
007046
007058
007066
007070
007086
007092
007094
007096
007099
007101
007102
007105
007107
007113
007114
007116
007118
007121
007124
007127
007128
007129
007134
007141
007142
007152
007156
007160
007167
007171
007179
007184
007189
007192
007193
007195
007196
007197
007203
007206
007211
007213
007218
007226
007234
007236
007239
007248
007249
007254
007263
007268
007276
007281
007286
007295
007296
007298
007301
007306
007307
007312
007313
007314
007316
007317
007328
007333
007334
007341
007348
007355
007356
007363
007365
007366
007367
007368
007373
007379
007386
007390
007393
007394
007404
007406
007414
007429
007432
007443
007446
007451
007455
007457
007461
007472
000002
000005
000006
000008
000019
000020
000021
000025
000028
000031
000039
000040
000050
000053
000058
000061
000062
000063
000066
000077
000078
000089
000090
000094
000102
000107
000116
000117
000126
000140
000152
000153
000156
000169
000173
000174
000175
000181
000182
000183
000187
000188
000194
000196
000199
000201
000211
000212
000213
000223
000224
000226
000239
000242
000247
000250
000252
000262
000263
000266
000269
000272
000278
000279
000283
000284
000290
000291
000293
000302
000305
000309
000311
000312
000314
000315
000320
000321
000323
000324
000327
000328
000335
000340
000343
000346
000352
000354
000355
000356
000362
000365
000370
000373
000377
000381
000382
000385
000392
000393
000395
000396
000397
000398
000401
000402
000403
000407
000408
000414
000415
000420
000428
000430
000436
000443
000446
000450
000455
000459
000463
000472
000473
000476
000477
000478
000485
000491
000493
000498
000499
000504
000509
000510
000517
000519
000528
000530
000541
000543
000545
000546
000548
000554
000564
000566
000567
000568
000581
000588
000590
000604
000612
000614
000615
000619
000620
000624
000626
000634
000639
000644
000645
000648
000660
000667
000670
000677
000682
000691
000692
000694
000696
000698
000704
000706
000717
000721
000728
000729
000734
000736
000737
000740
000746
000751
000754
000761
000766
000769
000774
000778
000779
000782
000790
000801
000806
000809
000810
000823
000831
000838
000841
000844
000849
000852
000859
000862
000863
000875
000884
000885
000889
000894
000907
000909
000912
000915
000920
000922
000926
000930
000944
000952
000953
000958
000969
000973
000976
000981
000983
000986
000991
001002
001006
001007
001010
001011
001012
001014
001018
001019
001025
001026
001035
001037
001042
001051
001055
001065
001066
001067
001077
001078
001084
001086
001088
001089
001096
001097
001099
001107
001108
001113
001114
001116
001120
001123
001125
001127
001129
001134
001135
001141
001144
001147
001153
001155
001163
001176
001178
001179
001180
001182
001183
001187
001189
001191
001192
001203
001206
001214
001217
001221
001222
001224
001228
001234
001235
001237
001239
001241
001242
001246
001249
001253
001254
001259
001260
001261
001265
001268
001271
001272
001273
001274
001284
001294
001314
001332
001333
001336
001337
001339
001342
001344
001353
001365
001372
001374
001375
001376
001377
001380
001381
001382
001384
001386
001389
001391
001395
001397
001411
001412
001415
001416
001421
001427
001431
001432
001437
001441
001443
001445
001448
001451
001458
001477
001478
001487
001489
001495
001497
001502
001508
001513
001521
001526
001535
001545
001547
001552
001555
001557
001560
001562
001567
001573
001574
001579
001582
001583
001585
001586
001587
001589
001590
001591
001592
001594
001596
001597
001605
001606
001610
001615
001619
001629
001631
001633
001635
001643
001645
001647
001650
001654
001656
001662
001664
001665
001666
001670
001680
001683
001689
001694
001699
001702
001706
001709
001710
001721
001729
001732
001733
001740
001746
001749
001758
001765
001768
001771
001772
001778
001780
001781
001782
001783
001797
001800
001801
001804
001817
001820
001823
001825
001831
001835
001846
001848
001852
001856
001862
001867
001868
001872
001878
001886
001887
001897
001898
001900
001904
001905
001919
001923
001924
001926
001927
001929
001932
001941
001946
001960
001966
001969
001977
001980
001982
001983
001984
001985
001995
001996
001999
002001
002002
002004
002019
002022
002027
002028
002029
002034
002035
002036
002043
002048
002049
002050
002054
002057
002058
002062
002068
002075
002078
002079
002081
002087
002089
002093
002100
002101
002102
002103
002107
002108
002111
002112
002118
002120
002127
002128
002130
002131
002135
002136
002137
002138
002152
002153
002158
002159
002168
002169
002179
002183
002185
002193
002196
002200
002216
002218
002220
002232
002233
002234
002239
002246
002250
002254
002255
002257
002272
002276
002277
002287
002294
002299
002300
002303
002306
002310
002320
002327
002329
002330
002334
002340
002345
002357
002359
002365
002366
002367
002372
002376
002378
002380
002382
002383
002384
002392
002398
002399
002404
002405
002411
002414
002415
002418
002419
002422
002423
002424
002428
002429
002439
002442
002450
002454
002455
002457
002460
002462
002463
002476
002478
002479
002488
002490
002495
002497
002499
002500
002503
002504
002509
002511
002516
002528
002529
002534
002539
002541
002543
002558
002562
002564
002568
002570
002575
002585
002586
002590
002594
002601
002602
002606
002612
002615
002621
002633
002636
002638
002641
002651
002657
002669
002673
002675
002677
002680
002685
002686
002693
002695
002696
002710
002726
002727
002728
002729
002730
002735
002737
002745
002746
002757
002763
002767
002772
002773
002783
002786
002787
002789
002797
002801
002805
002806
002810
002811
002812
002815
002820
002826
002827
002830
002831
002839
002841
002845
002846
002853
002856
002858
002861
002863
002875
002876
002877
002878
002879
002880
002881
002890
002893
002895
002896
002900
002902
002903
002905
002908
002911
002916
002928
002934
002935
002937
002942
002945
002948
002955
002957
002958
002959
002962
002971
002974
002976
002978
002982
002984
002993
002994
002995
002997
003001
003004
003006
003010
003011
003019
003022
003024
003030
003032
003034
003038
003043
003052
003053
003061
003062
003066
003067
003073
003076
003080
003082
003087
003090
003094
003099
003101
003102
003103
003109
003110
003127
003134
003135
003144
003145
003150
003153
003161
003162
003167
003170
003174
003175
003177
003180
003182
003190
003197
003202
003204
003211
003219
003221
003225
003226
003228
003240
003242
003247
003252
003254
003255
003257
003265
003266
003269
003280
003281
003283
003288
003292
003295
003308
003310
003312
003313
003315
003316
003319
003324
003325
003330
003331
003337
003346
003350
003352
003355
003357
003358
003370
003373
003375
003386
003394
003395
003399
003405
003406
003407
003408
003410
003411
003417
003421
003430
003432
003435
003443
003448
003449
003456
003461
003467
003474
003478
003481
003482
003483
003490
003491
003497
003503
003504
003506
003515
003517
003520
003521
003524
003529
003543
003547
003557
003559
003571
003573
003582
003584
003588
003604
003607
003618
003620
003621
003623
003624
003631
003633
003634
003635
003647
003649
003653
003658
003661
003662
003667
003669
003671
003676
003677
003691
003703
003705
003707
003711
003712
003736
003737
003738
003746
003747
003748
003755
003756
003762
003764
003771
003777
003778
003779
003782
003787
003793
003798
003800
003802
003808
003811
003820
003822
003828
003830
003835
003837
003847
003852
003859
003860
003864
003874
003879
003881
003883
003885
003892
003894
003898
003901
003905
003907
003909
003915
003920
003926
003932
003938
003946
003956
003961
003962
003965
003969
003970
003975
003981
003982
003984
003986
003998
004004
004007
004008
004021
004026
004033
004034
004036
004038
004045
004049
004051
004059
004063
004072
004079
004085
004087
004091
004092
004095
004096
004109
004110
004111
004116
004118
004122
004125
004128
004130
004136
004143
004154
004157
004158
004160
004162
004163
004164
004168
004171
004172
004174
004188
004189
004196
004205
004206
004207
004213
004222
004224
004226
004228
004232
004237
004239
004241
004242
004246
004249
004250
004251
004260
004263
004280
004281
004290
004293
004294
004298
004299
004301
004305
004306
004307
004309
004311
004312
004323
004324
004326
004337
004345
004348
004350
004352
004360
004363
004367
004368
004369
004370
004373
004385
004391
004393
004398
004401
004418
004420
004421
004423
004424
004426
004429
004430
004434
004437
004438
004439
004440
004444
004450
004452
004458
004462
004465
004469
004470
004472
004482
004483
004486
004489
004491
004493
004494
004496
004502
004508
004513
004516
004520
004521
004526
004529
004531
004540
004541
004542
004549
004551
004566
004570
004587
004589
004598
004608
004618
004620
004622
004624
004632
004633
004634
004636
004638
004640
004650
004651
004655
004660
004666
004667
004672
004679
004685
004688
004689
004691
004695
004700
004710
004711
004713
004716
004717
004721
004724
004732
004734
004739
004748
004762
004763
004764
004768
004773
004777
004782
004783
004787
004790
004797
004800
004807
004811
004813
004814
004815
004816
004817
004822
004829
004830
004831
004846
004848
004849
004851
004861
004868
004871
004873
004874
004881
004887
004888
004892
004895
004896
004902
004903
004904
004905
004909
004918
004920
004931
004932
004934
004935
004938
004942
004943
004946
004948
004949
004953
004958
004959
004962
004966
004974
004976
004979
004986
004988
004990
004994
004996
005001
005004
005010
005014
005017
005021
005024
005026
005032
005034
005036
005037
005038
005040
005045
005049
005050
005052
005054
005057
005072
005078
005079
005090
005095
005103
005105
005109
005120
005121
005122
005124
005127
005128
005135
005136
005139
005140
005144
005145
005156
005157
005161
005162
005172
005175
005179
005180
005184
005185
005188
005189
005190
005197
005198
005199
005206
005218
005219
005221
005227
005230
005233
005241
005251
005255
005267
005274
005276
005279
005280
005289
005292
005296
005304
005307
005315
005319
005329
005330
005333
005335
005341
005345
005347
005349
005350
005359
005365
005368
005371
005372
005379
005381
005385
005386
005389
005404
005415
005422
005423
005426
005427
005429
005441
005443
005445
005449
005450
005458
005459
005461
005465
005466
005477
005479
005481
005486
005487
005489
005494
005514
005515
005531
005534
005540
005546
005551
005556
005559
005560
005570
005576
005577
005580
005584
005586
005588
005589
005590
005595
005596
005600
005601
005602
005610
005613
005616
005618
005625
005630
005631
005639
005643
005659
005660
005662
005664
005669
005672
005673
005677
005683
005687
005689
005695
005698
005699
005707
005708
005724
005729
005731
005735
005736
005740
005741
005744
005745
005746
005747
005757
005760
005762
005765
005777
005783
005784
005793
005794
005800
005801
005803
005805
005806
005818
005819
005820
005821
005822
005826
005829
005843
005854
005864
005869
005876
005879
005881
005883
005885
005887
005889
005894
005899
005901
005903
005906
005907
005917
005918
005919
005931
005933
005947
005948
005955
005958
005961
005962
005969
005970
005972
005975
005978
005982
005994
005996
005999
006002
006005
006009
006013
006014
006016
006026
006027
006028
006029
006030
006031
006034
006039
006043
006044
006050
006052
006057
006058
006060
006061
006062
006066
006074
006075
006077
006085
006086
006087
006093
006095
006096
006097
006098
006103
006107
006110
006114
006115
006117
006125
006126
006146
006151
006152
006156
006161
006163
006167
006169
006182
006185
006186
006187
006194
006195
006198
006215
006222
006227
006228
006233
006240
006244
006246
006258
006266
006269
006270
006273
006274
006275
006278
006301
006302
006305
006306
006315
006317
006321
006322
006324
006332
006333
006338
006342
006348
006349
006351
006353
006354
006355
006356
006357
006360
006368
006370
006371
006372
006379
006381
006388
006391
006393
006406
006411
006416
006425
006426
006434
006435
006440
006445
006451
006454
006462
006468
006472
006474
006483
006486
006493
006506
006514
006515
006516
006519
006520
006521
006525
006530
006531
006532
006534
006535
006537
006540
006548
006549
006553
006556
006558
006560
006563
006568
006576
006581
006588
006592
006596
006597
006602
006611
006612
006618
006628
006629
006632
006638
006641
006647
006656
006659
006660
006664
006666
006669
006674
006676
006677
006678
006679
006685
006686
006692
006694
006695
006701
006709
006710
006720
006725
006731
006732
006734
006751
006752
006753
006754
006755
006758
006764
006765
006767
006772
006778
006783
006796
006797
006798
006804
006806
006807
006808
006812
006816
006819
006822
006833
006837
006843
006850
006860
006866
006868
006873
006879
006881
006882
006885
006891
006897
006898
006899
006900
006901
006903
006914
006917
006930
006936
006938
006942
006945
006955
006968
006977
006981
006982
006987
006990
006992
006994
007000
007003
007005
007010
007023
007027
007028
007032
007033
007034
007037
007047
007048
007053
007059
007063
007065
007067
007068
007069
007072
007074
007076
007080
007081
007082
007084
007085
007088
007089
007091
007095
007110
007112
007115
007117
007131
007132
007138
007144
007145
007149
007154
007158
007165
007166
007169
007172
007176
007177
007178
007182
007187
007194
007198
007208
007212
007214
007215
007217
007219
007225
007230
007232
007233
007244
007246
007253
007256
007258
007260
007261
007266
007267
007271
007272
007275
007277
007278
007280
007283
007288
007290
007291
007294
007299
007300
007303
007304
007309
007310
007311
007315
007322
007323
007325
007327
007330
007336
007337
007342
007343
007344
007349
007351
007371
007376
007380
007382
007383
007384
007395
007398
007401
007402
007403
007405
007407
007409
007411
007413
007423
007424
007426
007430
007433
007436
007437
007442
007447
007448
007450
007458
007463
007466
007467
007470
007477
007480
