004071
006998
005207
003679
002537
004934
006472
005276
005440
002954
006520
004837
000449
007264
000202
006601
001689
005448
000994
005462
006557
000889
002141
006922
006092
006587
000776
000877
000712
006060
005577
000373
005726
005014
007261
003314
003491
001765
004890
002504
000688
002518
002757
004196
007223
007117
004159
006513
006368
004034
004060
002541
006708
001037
003487
007360
000984
003175
003429
003909
003809
002432
005756
004524
005672
003081
000161
003407
004287
007067
005374
003518
006718
004330
004731
002871
003699
006675
005138
007114
001003
005177
007098
001881
004116
003151
003724
006185
003065
005032
004192
001325
002351
000177
007108
003003
001939
006978
006760
005210
001275
005131
005875
004489
006438
000489
005655
003041
007298
005232
006565
007102
006843
002645
005172
002938
006857
004719
000613
005588
004832
006180
002411
003064
000541
006308
005454
007214
003106
001603
003646
002318
006465
001985
001548
000985
003537
005990
005632
007274
004191
005442
005550
006087
000773
002508
006215
000754
002452
002515
005413
002842
001771
006971
001859
004470
000908
003555
004336
005991
003051
002473
006692
004296
007439
006137
001563
005611
003376
002417
005929
000427
002784
006280
000571
006627
005813
003182
001396
003611
002992
003653
004288
000744
000180
006829
003419
007313
003373
005638
005495
003495
006304
001374
007027
005087
005446
000216
002678
003571
002730
001487
003002
003271
006768
005265
004814
000806
005507
005960
005325
007120
004883
006665
004186
005415
002117
004100
002415
003815
004713
006996
000608
003674
002149
000714
004141
001552
005016
005410
005358
003923
000199
007376
002021
000558
002767
004729
006086
004695
004051
006049
004522
002525
003618
006025
000326
003291
000440
003884
003186
005225
003253
001091
005571
005707
006395
002739
000628
004007
004083
005170
002872
003110
000480
000408
006478
005340
006765
000145
002363
001581
000102
005516
001302
003960
003750
002179
003957
003392
000650
002018
006492
006206
000839
000347
006310
000869
003317
002064
003174
006782
004268
006755
002055
003278
006891
004687
006662
005749
000781
003125
002132
004361
005165
005112
003612
001490
005562
002050
001618
006714
002399
007093
002920
002279
002788
003468
001087
007097
006680
004282
000142
006434
005002
004830
004806
002928
005723
007111
007045
002945
001317
002816
007392
002311
001077
006231
002679
003310
003382
002526
001491
002377
002688
005443
004739
007024
003134
003561
001952
007409
007251
000344
005583
006825
005108
004939
004634
000918
003624
002102
006414
001373
002592
001668
003350
004711
005371
005202
007070
006244
000193
002280
001204
002714
005891
003665
006015
005531
000966
002380
006081
003172
002710
005877
002700
006863
002852
005345
002917
007159
006142
003362
006125
003892
006054
006365
006056
002107
005212
003226
001454
006868
002139
000469
000997
006625
001653
005870
005310
005493
002427
000890
003695
003427
000715
001131
000990
004716
003141
005076
005546
002364
004978
005190
007073
000702
005944
000309
005732
002859
005623
001104
001793
004232
004047
002806
001981
006603
003539
006880
001370
002553
005098
007002
002358
001914
006444
003915
001071
005561
003574
005408
006720
004705
004193
004962
003079
000210
007421
001059
001844
005291
007101
002406
002172
001636
004919
000290
000942
001924
001726
006609
004313
000080
003386
002880
002293
002631
003403
007297
002434
001427
006463
003848
000283
002501
004174
004917
001958
007014
003888
000409
000153
006079
005626
001096
002864
001783
004015
000018
001436
000658
003490
004790
001460
000641
004117
006061
004938
000118
006626
007154
004362
000213
003204
004559
003849
005156
001445
000232
003190
000251
001084
007326
006436
004130
000005
002209
003216
007451
005154
003105
004419
001865
007148
006995
000499
004947
000841
005520
005275
007372
004199
001145
004941
001867
003976
005720
000975
007161
000842
003788
001574
006259
007119
004912
001720
004834
006947
007452
002774
006561
007011
002290
003208
004086
002056
004373
002857
002898
003437
005817
005890
002326
004274
006441
000000
007042
007160
004869
002184
001586
005239
001290
002425
000705
005424
001641
005709
001664
002986
004509
001018
005674
004525
007243
006864
001507
006420
003328
004290
003233
003548
000843
000114
006272
001413
004248
007109
007393
005793
005765
006926
002716
001307
004944
007406
002666
007256
006704
006835
003723
005858
006072
006084
004562
004888
002521
004284
000716
004696
002498
000886
003267
002253
005938
007052
000923
000602
003349
000671
005621
004500
004466
000370
005287
000445
000215
000200
000492
001320
004684
005965
004179
000857
007388
004118
006155
004860
003309
007146
006739
002207
004657
000821
001987
005517
005767
002090
006577
003147
005252
004101
006042
001471
004770
000467
000630
000181
006855
006506
001308
004588
003606
004009
006979
001351
006201
003903
005282
006237
000933
000703
000260
003546
003037
006088
006734
004497
004147
006264
004630
002732
001752
006268
000599
002319
007113
002978
006247
001026
005783
004523
002959
000916
003311
006833
002240
006402
002683
004913
002147
004421
006117
003686
000479
006423
003641
004985
004535
005193
000513
006584
002737
004874
000002
005279
000015
006574
001644
002660
001442
005481
004805
005244
001953
005228
000481
006613
002365
003061
004822
005785
003926
001251
001304
005000
005341
002544
003758
001737
000856
005652
001102
007169
007202
002818
003760
004455
005582
007345
002483
003811
001792
004818
004397
006709
000033
007334
002708
002668
005989
006018
005790
003185
005029
003183
002733
005235
005731
006976
007158
000272
001438
001878
004683
005658
002407
004866
001238
003303
000610
004298
007023
001189
003626
005867
005568
002614
004599
000172
001435
006642
003444
000500
001090
003047
002039
000474
005500
005419
004003
000713
004851
003433
003850
001931
001891
001661
001835
000318
004128
000363
007032
005645
004114
003965
002378
000983
005559
000794
005523
000195
003296
003345
001062
000891
006893
001400
006236
005680
004536
004479
005124
001585
007424
007056
001978
006859
004656
003365
004894
003591
003230
002785
006481
005679
002939
007427
005836
006269
004422
003294
007193
005090
003803
001955
000685
001319
004460
007130
006208
004340
000765
007128
000325
005513
005089
001660
007361
002419
005823
003577
006194
003329
007233
004352
004113
003718
004221
002450
005549
006800
005086
006753
004464
001801
003387
005764
004977
000209
007468
002005
001163
002904
003284
004006
001723
004109
005416
000109
001875
007172
006671
004212
000870
002078
005055
007016
000796
003030
000450
002584
005593
001718
000623
007136
000311
004387
003628
006243
002751
005881
003955
001011
001789
006805
003356
007343
005028
001430
000090
002825
002903
006065
002491
005348
003745
003882
007020
003257
003304
002639
003551
003652
005449
005359
006141
003439
003039
005173
006281
005247
002777
003514
003856
004461
004970
000530
006387
005811
003069
000235
000004
000901
005498
001182
004967
003466
001747
000263
006075
001382
000256
004075
004886
005866
000345
007276
001207
001334
004643
005492
002725
001247
004745
007258
004880
003038
005182
003347
004299
003107
004819
002724
001100
007083
003221
007402
004958
000107
007401
006802
003556
006677
004615
002970
003566
002929
000276
004532
004476
002863
005128
001380
000238
002235
003891
000888
005019
005331
000240
002126
005825
000605
006288
003086
001289
003834
006376
000316
003846
000749
003137
007339
003458
006758
001692
004001
006611
003367
005918
002795
004521
000954
001095
000589
001142
003930
001165
003237
000577
004367
003828
002471
003774
000066
003033
000001
005322
006827
001392
006535
007456
000738
002278
005644
002758
005503
004233
006038
003623
005792
000061
000795
003196
001524
000545
002029
007290
006705
002059
002389
003970
003701
002620
004277
003767
003220
004012
004029
006938
004451
003576
004260
005760
001577
005847
002154
002477
002780
000425
003193
007190
004645
007358
003168
003281
000708
002175
001474
004972
001827
001006
006306
007141
003089
000707
006804
004994
006983
004103
000071
005214
003952
002371
001057
007047
000011
005997
001368
003005
001620
003014
006147
004895
003205
004328
003163
004416
002940
005702
006371
001259
003248
000874
002576
006741
007126
000269
002152
004909
000274
004676
004043
002495
002985
001776
002907
002228
004662
005865
003464
002412
007043
002267
000053
005389
000603
006035
001237
000204
003894
007005
004145
003756
005045
002360
004821
003567
005751
006123
005370
006000
001968
006759
006050
002312
001768
000146
007181
004799
006744
000093
000657
006766
003432
001110
004950
000360
004463
002670
004865
003793
003343
004372
005860
002292
000799
006524
006946
005072
000069
003629
000339
002969
004459
000482
004045
004767
006573
000512
006966
002325
001860
005458
006347
003099
005844
003901
001272
005187
003594
007142
003494
001925
001640
004569
005418
003428
004025
000556
004234
003968
003761
005054
006278
006372
005700
003598
002747
004826
006846
006260
007200
001021
002316
001171
007133
003844
001861
006212
006336
000585
005848
001404
004945
005273
004722
005058
001848
006944
004295
006913
007323
006001
002624
006973
006095
002457
004589
003287
006762
002919
004318
000659
002151
000827
000355
005521
000079
003250
002376
001929
001240
003399
001014
006474
006789
004920
007436
006452
000369
004066
005386
000147
004831
003447
000242
003996
007197
006488
000973
005713
000307
001147
005553
000282
003339
000945
004495
006797
004270
006687
004810
002334
006473
003657
006659
005728
007282
005444
006970
005911
002338
002753
003842
001434
002223
003904
003275
000858
001740
001367
006386
002144
003600
002140
000186
006357
005142
002505
000677
004633
006951
002308
006032
007195
003670
001297
003149
003436
005552
005548
003277
003289
002118
005746
005144
002789
002075
000368
007031
001719
004861
001606
007428
001286
002336
007236
001788
006890
006608
004961
000823
005238
003705
000561
003656
007420
002510
002094
002667
005436
004905
006254
006735
003578
000124
002648
000772
005651
000542
004206
007080
006553
003505
000616
004217
000786
002381
002497
002342
004108
003411
001705
002860
003583
004602
004302
003620
000207
006661
005535
001109
001179
007426
001753
003584
001292
002574
006504
004480
003509
001492
000504
005649
003129
006435
007240
002651
002897
003987
002744
002463
002361
007063
004725
003085
004723
001016
006729
006589
004425
005269
006660
003658
004979
006449
004758
002424
005861
001790
000279
006578
001035
003607
004032
002229
005079
001676
002845
003880
007400
003673
005245
004448
007208
002173
007384
005194
003558
004969
001227
006936
001053
002131
003225
003130
001561
005855
006083
005323
003768
000406
003045
003298
001245
003302
004294
000494
000896
004636
005369
003402
005223
000035
004381
003531
006941
003939
006743
002695
005313
001063
003871
002155
003235
002444
004013
000660
006554
000218
001615
004746
007216
004363
006602
006456
006329
003950
007230
004426
002885
003852
005525
006189
004808
003870
005195
007054
002036
000139
003887
001296
002665
004554
006644
005744
007380
004600
005311
002340
002445
004585
003142
005637
000024
005251
001407
002530
001381
005904
003247
001132
000076
005046
002462
004750
001538
001722
005168
002662
004194
007269
004553
006069
007019
000134
007078
004612
006342
002677
003213
003363
003016
006629
001455
000854
000416
003114
000014
003443
005305
000299
005998
005678
002034
004332
001010
005661
000288
001975
006130
006682
000412
001700
000899
001149
006689
002831
001139
001029
004059
000332
004571
001562
002511
005382
003675
002044
004345
006532
003935
000586
001671
000784
003044
002467
005317
004465
002492
001625
000336
006369
001332
005394
007096
001072
003538
004254
005922
003727
001990
006405
004638
005805
003295
005721
005761
001685
001742
007069
000072
000894
004433
004514
001868
003463
000478
001879
002156
005909
000110
003072
001780
004155
005797
000729
005608
005006
003398
003609
001314
004863
007413
005052
001897
005243
000419
005167
005221
000380
003157
001888
000594
001935
006752
005191
004488
003441
005489
006276
007356
000792
002470
005690
000976
004550
006681
007472
001773
006381
001217
002436
002252
005033
000807
000939
001311
003024
004986
003211
007198
005184
000798
000848
006249
006258
001136
003176
000868
004892
003986
000741
003681
000084
000390
004111
003692
002306
000582
003597
002003
001054
005296
004529
002301
002575
003161
001607
003619
006006
001221
002210
006415
004922
000808
001097
002582
003841
000342
004897
007415
003184
001534
003830
006442
006106
001560
005585
006726
004386
002373
000349
001410
006508
006412
004618
005715
001161
003778
005186
005065
000607
000917
001710
001635
001129
002931
006527
005628
000674
003989
000720
006120
002011
002693
004067
000653
007053
001550
006026
004002
007328
001536
003863
002097
002601
004621
001355
000965
001028
007304
004575
002402
003442
003040
005161
005220
000793
006044
007315
002916
003084
005916
003198
007040
002300
003917
007294
001540
005473
000008
007320
003946
001502
007442
000115
000098
004266
003752
006150
006471
003348
002787
005915
006962
007310
002461
000572
001064
006462
007010
002454
006410
000431
002054
001829
000085
004827
003513
003408
002387
003388
005133
000813
003241
005612
003158
000105
003431
002690
001750
002888
006686
000039
001850
003825
006505
000164
007222
004765
001558
002304
000045
000348
000731
007265
006484
005109
007135
001756
004014
006676
001186
005455
006149
005312
004306
004549
001075
004410
006085
005750
000375
001218
003753
000709
005387
002409
004852
005025
006196
003833
002743
005906
004623
003859
002822
002101
002752
002855
003006
006485
001799
005077
003057
002416
002161
003180
001841
003736
005566
003953
004496
003730
005827
002633
003530
007022
003934
004371
003323
007311
002811
001856
003687
002343
002198
005529
006757
005972
000977
003886
000591
002088
004692
006993
005694
002877
000395
007127
000006
005099
001806
000859
006319
006241
002776
000211
001711
000694
003212
002870
004996
004736
000710
003680
000511
001015
005303
005248
003372
001727
006673
006193
003191
006184
007229
004369
005041
002502
002934
005151
004787
004398
000403
004838
003982
006939
002729
000698
006333
003827
001260
003019
000763
002010
005226
006861
004760
000025
003997
002554
002761
005689
001230
003610
006469
000452
004276
003550
000826
004384
002568
004320
001533
003993
006916
006036
003498
007207
006323
006496
005199
007459
007170
002876
002128
004129
005942
000822
002323
001961
005399
003751
002388
005048
002221
007192
007137
007247
002911
001572
004755
000192
006453
000338
006031
005146
006428
005956
005350
003087
004053
002430
004202
000113
002024
003083
003728
003423
003823
001013
005586
005572
001082
004450
003312
006529
003485
002551
006204
004545
002600
007364
002629
006989
005175
001331
006784
005080
006118
006852
000897
002628
004801
004334
003528
000700
002439
004611
004195
005466
002599
004204
002392
004278
003666
003790
005635
006300
002233
001569
004794
000830
003802
001777
005953
001369
004875
007479
000652
002745
005127
000612
001295
006530
005037
000259
007469
002049
002827
000112
001832
001365
003634
003409
001741
004004
006776
002846
005908
005309
005968
001529
001877
006874
007004
002257
004251
006663
003062
002288
007155
004957
007437
006811
007398
003608
001103
005095
005776
002653
005337
007077
002276
001194
004323
001648
003635
005931
005527
003580
001433
007217
002192
003651
002066
004574
003536
007238
006115
004316
004924
001200
003401
000265
001652
004146
000949
007455
006949
005431
006318
007454
003985
004771
000655
001869
005986
004686
005213
006113
003676
001416
001889
005392
003469
000495
005425
007115
006915
004817
000782
005814
007321
001496
007059
004181
002488
005406
005218
000579
004616
002095
006847
000817
005344
003861
000122
000748
007048
000974
002013
001212
000308
001372
005135
004864
001025
004151
003108
005737
003860
006582
006388
006826
006239
005042
003307
002603
000225
001921
001439
005130
006700
007201
000642
002032
003936
001321
000331
000175
006930
007175
005470
000402
004429
005261
005833
004408
001484
006380
003120
003563
002735
000596
000065
004769
001456
002014
001537
003661
000154
001350
003650
007204
002182
002247
006335
002927
001045
001261
002428
006406
003215
000343
001690
002001
007444
005339
002191
002615
005208
005196
006903
002961
000333
002971
000829
000921
002200
006630
003928
004809
003091
001399
001364
001532
000068
005049
000930
005882
007332
000137
006023
002765
006267
000676
007291
001405
002222
005140
005759
005439
003529
006144
003524
002404
007212
004626
006848
003499
005147
002503
007386
000029
003199
003516
007009
003540
001216
001205
006245
003043
004606
005745
002482
005215
005643
003867
003781
003689
005600
000627
004412
003260
002561
007103
001358
005893
005013
003874
002955
006799
007037
005484
005026
004647
003135
005009
006058
003273
003672
007143
004678
001798
006089
005434
003480
005618
003588
006192
006014
004649
005200
001605
006048
006921
004891
005280
003643
006468
005255
003118
007418
000040
005185
004528
002287
002286
002618
006124
001639
001755
005834
002266
004356
001785
003808
000825
005126
003067
006870
000963
001555
003585
004269
005735
007091
000393
002908
004431
002889
007301
003116
002170
004291
003082
002809
004898
005886
004203
001906
001667
004641
003698
000103
002420
005429
006536
005948
000477
004544
004125
002051
005094
005937
003341
002696
001923
003097
004937
002991
000847
003512
004347
000046
001728
000911
002374
006417
005778
001343
001352
003927
005697
003377
000546
007209
007182
001819
003615
002353
007185
000802
004046
004446
003798
003967
005575
006924
000313
003461
006218
004018
003961
004911
004931
005364
004400
002335
002122
004327
006370
007095
004453
002652
003933
003755
003465
006781
000262
004856
000876
001403
007088
004048
004315
006801
003757
006205
005227
004987
001946
005625
001813
007199
006413
001098
006519
002702
002990
004674
001905
000165
003337
006057
000527
004502
000523
005409
005961
002879
006480
002476
001523
005125
002393
001932
002612
005053
001904
006909
004275
005278
005976
006501
001424
004718
002012
007378
002466
001211
007026
006175
000297
001834
003717
007353
006384
002564
003500
003700
005541
002882
006544
004458
002802
000770
005902
006486
000519
007231
006724
001930
003581
005591
005564
004467
001208
000257
005803
004930
000057
006446
002133
007476
001195
005383
004457
006210
000637
004427
002611
002465
001047
005071
006841
005401
002096
003013
001683
006271
006064
007335
004163
006071
000128
006964
006803
002712
000187
003148
003481
005367
003322
001387
003733
006975
003510
003590
004800
004227
000834
005898
001602
005121
002205
004436
006953
007287
003630
003951
001849
003094
005417
001201
003907
001482
003026
006955
005682
001627
004816
006331
007000
004784
002524
006096
004312
003426
005414
000293
002239
006658
006790
005528
005012
001910
006869
006284
003709
004604
004603
006791
007072
000681
002858
006360
000294
001505
005580
003115
005056
002591
004732
006932
006559
004583
005982
004923
000176
003414
007463
002865
001864
005163
004841
004901
006638
006862
000350
001294
000730
002475
007246
004914
000422
002379
001012
007249
000391
000092
004586
003911
003716
005897
005630
007166
001408
001977
004122
000832
006533
003300
002458
001651
005594
001621
002176
002339
000844
000376
003631
001619
001593
000404
003042
002254
003711
003228
004516
001300
003777
001733
003947
003731
003321
001839
003690
005299
003565
006950
002284
002224
002595
000537
007153
001713
001485
002008
005021
003921
001166
001172
001069
001055
005254
006892
000734
006159
006786
006545
000461
004715
000458
001152
004149
002535
003898
004019
005081
002451
002234
004439
001242
005459
002807
004481
004170
001517
003098
004452
006179
006119
000640
007324
001757
002691
006407
001679
007367
005754
004441
001617
006566
003732
004252
002755
006883
001362
002669
000727
004388
006024
004021
005662
004023
004375
005883
001682
004778
004124
006248
000761
003831
002519
001894
006356
002808
001354
002608
000881
005453
004631
006013
003776
004040
003327
006008
005952
003883
004515
007129
007188
001632
000845
003974
004068
000838
006968
001579
004501
003655
000013
005939
000020
006289
004137
006685
003270
006105
006344
000617
003059
006416
002009
003090
003152
004454
004756
000961
006581
007281
002231
000506
003988
003467
002061
005082
005984
000815
003299
004283
003857
006994
000883
002635
005773
002528
000736
004247
006314
006511
002355
005703
001323
005615
005258
005979
003806
002289
004671
001845
005476
001315
004908
005003
006433
006439
002171
005666
003916
005923
001805
000629
006100
004074
004510
005994
001066
001551
005256
007057
004078
005595
006302
006933
000535
000956
005044
001151
001782
001344
006585
005722
005966
000747
000787
001843
003691
004774
001184
006668
003058
004447
006844
004789
006102
002072
000476
003101
001231
003418
007381
002000
006359
006177
003124
005945
002103
000516
003648
004628
003837
000704
006172
001031
006656
001721
000526
000743
005791
003434
002829
004292
004766
003979
000764
004235
001670
001800
006354
007371
007434
003332
007112
002250
002081
000249
003822
002265
005606
005396
004133
000514
000384
007144
006620
000689
001279
002493
005841
006713
003975
005669
005985
006774
002738
000575
006935
006273
004216
001377
001807
000298
002976
006820
002448
002310
000441
002190
000418
003166
005219
003605
003507
005022
000185
002271
005641
004438
003283
003008
003719
006617
004154
003866
003076
000624
002025
006541
001306
004951
005027
004132
001326
004239
001162
000505
001041
006156
004475
000340
003262
006229
002138
005277
001276
005205
004376
000656
005284
001974
002468
001431
004651
002074
005497
004062
003385
001008
005118
003773
005030
004166
002812
004343
002348
001406
000833
004099
000529
003028
001822
005869
006722
001017
006393
007355
005691
001595
006569
006958
000052
004538
005597
005653
006731
002909
000771
005160
004948
006849
000464
006543
001735
001274
005136
002226
006684
000751
006460
005973
002123
001225
002019
003336
000009
004670
001567
004681
000060
003031
006965
007225
003980
006901
001680
002137
003238
001417
000872
006654
004033
006003
000243
006007
004624
006307
001153
006783
001273
006316
002277
004121
006082
005457
007030
005629
006836
002321
001088
005871
004720
001654
004139
000428
002956
005699
000553
000887
001565
001863
005023
004526
003932
006871
003001
006068
004392
003139
001432
003497
001143
000179
006959
000697
004197
005590
005050
001616
002998
003545
000998
002915
004442
001234
000152
005933
001876
003252
004325
004791
005884
006235
004568
003415
003015
003117
001608
002609
006928
005688
004000
006051
005705
006337
002634
002610
005917
005330
003845
002979
003645
005977
003268
000484
001855
004319
003637
000814
004675
000003
003318
003783
005599
001823
007306
004848
003133
003171
006858
006459
004322
000503
002534
005347
002569
006341
000264
004168
003177
005463
006140
002694
003352
000295
006984
004063
000811
004570
001938
007260
006493
001305
003900
004763
003693
001967
001794
001948
005804
007038
005008
000719
005895
002027
001997
000805
003320
000042
005711
000487
005262
005134
005271
001390
003127
005829
001019
007359
007245
002275
001736
006902
002435
005116
001389
005105
002613
003375
003715
004162
001933
002166
000169
007151
003519
006879
007430
001458
000119
000397
005328
005302
007362
002449
005132
001481
000116
007220
004028
007157
002083
001582
000663
004164
003945
004579
001124
002815
005061
000944
002368
001428
003288
002981
003389
002429
002114
005017
004342
007156
002489
003474
006850
004097
002972
002675
000873
005381
004858
003592
006911
001594
003785
002112
003400
004494
005300
007147
007081
005839
001359
005070
002890
003573
004357
002204
006992
001243
006635
004740
007094
000502
007055
002650
006076
006279
005664
007164
004020
003593
004764
003478
000089
007346
002835
001425
004127
005835
002215
004366
002092
004546
001324
001647
004134
003496
005119
005868
004218
005169
003847
005405
003293
003746
001395
001043
001489
004056
001187
004829
004751
001544
003521
000148
006540
001288
000378
004833
007122
005768
005964
002327
001176
001121
000892
006285
004995
001476
005352
003568
001170
004926
002555
005343
006313
002718
001210
001543
006948
007186
006853
007041
006491
004655
001516
003515
000437
000245
000021
004240
006887
000635
003027
002661
000077
005329
002539
002067
005879
005824
007307
006771
002868
002111
001556
005614
003664
003549
001280
002509
001604
004485
000435
006198
007348
006167
002041
000962
004486
000706
007234
001092
006769
000183
006378
000524
005020
001584
001423
000902
003170
001758
005143
002649
003412
002297
007255
000337
005203
003145
004903
001940
002270
003713
004472
000645
006002
005636
006017
007263
006287
006199
004037
003694
006711
001360
007254
003840
004354
001213
000444
003482
006431
004543
000133
006779
006919
007270
004854
006854
000407
001452
005111
002285
005400
004953
003032
004976
006345
001122
001266
006640
007283
001836
002659
004036
002219
006324
006297
007440
006052
001465
002587
006650
006202
005145
002935
006636
001766
004430
002759
002478
001707
005068
006745
004417
006525
001123
006923
006838
003791
006451
006517
006778
005547
002220
001767
004984
000382
005335
001650
004691
006029
004138
005290
007450
004182
002496
000140
007104
002754
003908
002385
002966
001630
003100
000319
006839
002298
000121
000679
005980
005293
001884
001831
006475
003764
005724
004378
007149
000928
006528
002577
001937
000982
007224
003338
003011
004505
007309
004811
003421
002386
002980
005139
004887
004582
007354
003240
001815
007289
000548
002162
002309
001159
002322
002142
002272
006550
001177
001787
001040
005477
001949
001363
003063
004105
005840
004876
002824
002110
000797
006187
003813
007003
001770
000525
000358
006326
005372
003335
000604
000455
001613
001812
004742
006427
001111
007259
006837
002905
004658
000762
005267
000088
002350
004730
002527
002924
003999
000746
001996
005925
002798
007308
006542
001503
001778
006217
001882
006430
002894
001980
007302
003712
002174
001001
005222
003280
002790
005838
001808
005718
003306
004230
000569
006751
006157
004339
003595
001032
005217
007028
001520
001928
004762
002936
005930
002778
001746
003088
000609
002826
001067
001883
000424
003462
004669
004262
005237
001447
005970
001909
