456
10456
110456
100456
200456
210456
885
10885
110885
100885
200885
210885
440
10440
110440
100440
200440
210440
3139
13139
113139
103139
203139
213139
3844
13844
113844
103844
203844
213844
956
10956
110956
100956
200956
210956
428
10428
110428
100428
200428
210428
92
10092
110092
100092
200092
210092
4122
14122
114122
104122
204122
214122
131
10131
110131
100131
200131
210131
3211
13211
113211
103211
203211
213211
3664
13664
113664
103664
203664
213664
3477
13477
113477
103477
203477
213477
3721
13721
113721
103721
203721
213721
755
10755
110755
100755
200755
210755
4194
14194
114194
104194
204194
214194
630
10630
110630
100630
200630
210630
831
10831
110831
100831
200831
210831
4054
14054
114054
104054
204054
214054
2985
12985
112985
102985
202985
212985
1007
11007
111007
101007
201007
211007
877
10877
110877
100877
200877
210877
3122
13122
113122
103122
203122
213122
2943
12943
112943
102943
202943
212943
980
10980
110980
100980
200980
210980
651
10651
110651
100651
200651
210651
889
10889
110889
100889
200889
210889
567
10567
110567
100567
200567
210567
159
10159
110159
100159
200159
210159
4010
14010
114010
104010
204010
214010
585
10585
110585
100585
200585
210585
251
10251
110251
100251
200251
210251
3278
13278
113278
103278
203278
213278
3534
13534
113534
103534
203534
213534
4185
14185
114185
104185
204185
214185
444
10444
110444
100444
200444
210444
829
10829
110829
100829
200829
210829
3291
13291
113291
103291
203291
213291
600
10600
110600
100600
200600
210600
935
10935
110935
100935
200935
210935
720
10720
110720
100720
200720
210720
3878
13878
113878
103878
203878
213878
226
10226
110226
100226
200226
210226
104
10104
110104
100104
200104
210104
3889
13889
113889
103889
203889
213889
3064
13064
113064
103064
203064
213064
2944
12944
112944
102944
202944
212944
363
10363
110363
100363
200363
210363
3023
13023
113023
103023
203023
213023
823
10823
110823
100823
200823
210823
782
10782
110782
100782
200782
210782
421
10421
110421
100421
200421
210421
3507
13507
113507
103507
203507
213507
3810
13810
113810
103810
203810
213810
3680
13680
113680
103680
203680
213680
195
10195
110195
100195
200195
210195
3465
13465
113465
103465
203465
213465
3391
13391
113391
103391
203391
213391
3289
13289
113289
103289
203289
213289
832
10832
110832
100832
200832
210832
47
10047
110047
100047
200047
210047
505
10505
110505
100505
200505
210505
356
10356
110356
100356
200356
210356
3161
13161
113161
103161
203161
213161
162
10162
110162
100162
200162
210162
3041
13041
113041
103041
203041
213041
3939
13939
113939
103939
203939
213939
184
10184
110184
100184
200184
210184
3187
13187
113187
103187
203187
213187
124
10124
110124
100124
200124
210124
387
10387
110387
100387
200387
210387
3819
13819
113819
103819
203819
213819
523
10523
110523
100523
200523
210523
550
10550
110550
100550
200550
210550
3583
13583
113583
103583
203583
213583
13
10013
110013
100013
200013
210013
220
10220
110220
100220
200220
210220
3301
13301
113301
103301
203301
213301
3479
13479
113479
103479
203479
213479
257
10257
110257
100257
200257
210257
42
10042
110042
100042
200042
210042
891
10891
110891
100891
200891
210891
724
10724
110724
100724
200724
210724
3716
13716
113716
103716
203716
213716
2950
12950
112950
102950
202950
212950
3895
13895
113895
103895
203895
213895
86
10086
110086
100086
200086
210086
3292
13292
113292
103292
203292
213292
965
10965
110965
100965
200965
210965
4274
14274
114274
104274
204274
214274
455
10455
110455
100455
200455
210455
3317
13317
113317
103317
203317
213317
128
10128
110128
100128
200128
210128
3942
13942
113942
103942
203942
213942
3413
13413
113413
103413
203413
213413
3103
13103
113103
103103
203103
213103
4260
14260
114260
104260
204260
214260
596
10596
110596
100596
200596
210596
3944
13944
113944
103944
203944
213944
719
10719
110719
100719
200719
210719
3737
13737
113737
103737
203737
213737
3442
13442
113442
103442
203442
213442
3899
13899
113899
103899
203899
213899
59
10059
110059
100059
200059
210059
3398
13398
113398
103398
203398
213398
653
10653
110653
100653
200653
210653
757
10757
110757
100757
200757
210757
3414
13414
113414
103414
203414
213414
3805
13805
113805
103805
203805
213805
959
10959
110959
100959
200959
210959
3345
13345
113345
103345
203345
213345
4271
14271
114271
104271
204271
214271
4055
14055
114055
104055
204055
214055
646
10646
110646
100646
200646
210646
3339
13339
113339
103339
203339
213339
303
10303
110303
100303
200303
210303
848
10848
110848
100848
200848
210848
539
10539
110539
100539
200539
210539
44
10044
110044
100044
200044
210044
177
10177
110177
100177
200177
210177
392
10392
110392
100392
200392
210392
3579
13579
113579
103579
203579
213579
3920
13920
113920
103920
203920
213920
2990
12990
112990
102990
202990
212990
1002
11002
111002
101002
201002
211002
4053
14053
114053
104053
204053
214053
379
10379
110379
100379
200379
210379
2921
12921
112921
102921
202921
212921
726
10726
110726
100726
200726
210726
359
10359
110359
100359
200359
210359
3175
13175
113175
103175
203175
213175
3011
13011
113011
103011
203011
213011
3079
13079
113079
103079
203079
213079
4204
14204
114204
104204
204204
214204
53
10053
110053
100053
200053
210053
3151
13151
113151
103151
203151
213151
620
10620
110620
100620
200620
210620
320
10320
110320
100320
200320
210320
3858
13858
113858
103858
203858
213858
185
10185
110185
100185
200185
210185
3729
13729
113729
103729
203729
213729
4254
14254
114254
104254
204254
214254
594
10594
110594
100594
200594
210594
4152
14152
114152
104152
204152
214152
561
10561
110561
100561
200561
210561
744
10744
110744
100744
200744
210744
4285
14285
114285
104285
204285
214285
83
10083
110083
100083
200083
210083
4247
14247
114247
104247
204247
214247
424
10424
110424
100424
200424
210424
3375
13375
113375
103375
203375
213375
3905
13905
113905
103905
203905
213905
3212
13212
113212
103212
203212
213212
3000
13000
113000
103000
203000
213000
679
10679
110679
100679
200679
210679
3191
13191
113191
103191
203191
213191
156
10156
110156
100156
200156
210156
284
10284
110284
100284
200284
210284
3872
13872
113872
103872
203872
213872
4186
14186
114186
104186
204186
214186
318
10318
110318
100318
200318
210318
3341
13341
113341
103341
203341
213341
827
10827
110827
100827
200827
210827
3300
13300
113300
103300
203300
213300
3269
13269
113269
103269
203269
213269
3987
13987
113987
103987
203987
213987
3549
13549
113549
103549
203549
213549
3681
13681
113681
103681
203681
213681
4296
14296
114296
104296
204296
214296
3929
13929
113929
103929
203929
213929
3316
13316
113316
103316
203316
213316
16
10016
110016
100016
200016
210016
3748
13748
113748
103748
203748
213748
4210
14210
114210
104210
204210
214210
607
10607
110607
100607
200607
210607
3900
13900
113900
103900
203900
213900
498
10498
110498
100498
200498
210498
227
10227
110227
100227
200227
210227
165
10165
110165
100165
200165
210165
3395
13395
113395
103395
203395
213395
588
10588
110588
100588
200588
210588
3101
13101
113101
103101
203101
213101
369
10369
110369
100369
200369
210369
2965
12965
112965
102965
202965
212965
565
10565
110565
100565
200565
210565
3555
13555
113555
103555
203555
213555
868
10868
110868
100868
200868
210868
3287
13287
113287
103287
203287
213287
3861
13861
113861
103861
203861
213861
873
10873
110873
100873
200873
210873
4230
14230
114230
104230
204230
214230
944
10944
110944
100944
200944
210944
4239
14239
114239
104239
204239
214239
3954
13954
113954
103954
203954
213954
3054
13054
113054
103054
203054
213054
233
10233
110233
100233
200233
210233
3197
13197
113197
103197
203197
213197
3829
13829
113829
103829
203829
213829
3804
13804
113804
103804
203804
213804
807
10807
110807
100807
200807
210807
4085
14085
114085
104085
204085
214085
971
10971
110971
100971
200971
210971
537
10537
110537
100537
200537
210537
702
10702
110702
100702
200702
210702
3496
13496
113496
103496
203496
213496
3087
13087
113087
103087
203087
213087
952
10952
110952
100952
200952
210952
314
10314
110314
100314
200314
210314
3756
13756
113756
103756
203756
213756
3257
13257
113257
103257
203257
213257
593
10593
110593
100593
200593
210593
3373
13373
113373
103373
203373
213373
360
10360
110360
100360
200360
210360
472
10472
110472
100472
200472
210472
777
10777
110777
100777
200777
210777
4168
14168
114168
104168
204168
214168
3743
13743
113743
103743
203743
213743
921
10921
110921
100921
200921
210921
875
10875
110875
100875
200875
210875
3310
13310
113310
103310
203310
213310
609
10609
110609
100609
200609
210609
698
10698
110698
100698
200698
210698
210
10210
110210
100210
200210
210210
3050
13050
113050
103050
203050
213050
3209
13209
113209
103209
203209
213209
4165
14165
114165
104165
204165
214165
3435
13435
113435
103435
203435
213435
4094
14094
114094
104094
204094
214094
656
10656
110656
100656
200656
210656
3537
13537
113537
103537
203537
213537
3082
13082
113082
103082
203082
213082
112
10112
110112
100112
200112
210112
3698
13698
113698
103698
203698
213698
3973
13973
113973
103973
203973
213973
664
10664
110664
100664
200664
210664
3163
13163
113163
103163
203163
213163
4217
14217
114217
104217
204217
214217
3831
13831
113831
103831
203831
213831
3785
13785
113785
103785
203785
213785
983
10983
110983
100983
200983
210983
568
10568
110568
100568
200568
210568
497
10497
110497
100497
200497
210497
3766
13766
113766
103766
203766
213766
799
10799
110799
100799
200799
210799
3108
13108
113108
103108
203108
213108
427
10427
110427
100427
200427
210427
3217
13217
113217
103217
203217
213217
4087
14087
114087
104087
204087
214087
519
10519
110519
100519
200519
210519
685
10685
110685
100685
200685
210685
3009
13009
113009
103009
203009
213009
4187
14187
114187
104187
204187
214187
4001
14001
114001
104001
204001
214001
3129
13129
113129
103129
203129
213129
322
10322
110322
100322
200322
210322
3214
13214
113214
103214
203214
213214
55
10055
110055
100055
200055
210055
3516
13516
113516
103516
203516
213516
583
10583
110583
100583
200583
210583
3399
13399
113399
103399
203399
213399
908
10908
110908
100908
200908
210908
3846
13846
113846
103846
203846
213846
731
10731
110731
100731
200731
210731
2918
12918
112918
102918
202918
212918
4169
14169
114169
104169
204169
214169
3761
13761
113761
103761
203761
213761
4157
14157
114157
104157
204157
214157
163
10163
110163
100163
200163
210163
3702
13702
113702
103702
203702
213702
643
10643
110643
100643
200643
210643
3167
13167
113167
103167
203167
213167
4161
14161
114161
104161
204161
214161
960
10960
110960
100960
200960
210960
3205
13205
113205
103205
203205
213205
316
10316
110316
100316
200316
210316
3411
13411
113411
103411
203411
213411
3285
13285
113285
103285
203285
213285
4291
14291
114291
104291
204291
214291
1014
11014
111014
101014
201014
211014
531
10531
110531
100531
200531
210531
3543
13543
113543
103543
203543
213543
4127
14127
114127
104127
204127
214127
3595
13595
113595
103595
203595
213595
328
10328
110328
100328
200328
210328
4181
14181
114181
104181
204181
214181
727
10727
110727
100727
200727
210727
3319
13319
113319
103319
203319
213319
746
10746
110746
100746
200746
210746
118
10118
110118
100118
200118
210118
520
10520
110520
100520
200520
210520
3771
13771
113771
103771
203771
213771
4253
14253
114253
104253
204253
214253
863
10863
110863
100863
200863
210863
652
10652
110652
100652
200652
210652
3860
13860
113860
103860
203860
213860
3322
13322
113322
103322
203322
213322
3812
13812
113812
103812
203812
213812
608
10608
110608
100608
200608
210608
3656
13656
113656
103656
203656
213656
3884
13884
113884
103884
203884
213884
905
10905
110905
100905
200905
210905
2941
12941
112941
102941
202941
212941
3090
13090
113090
103090
203090
213090
248
10248
110248
100248
200248
210248
3908
13908
113908
103908
203908
213908
2940
12940
112940
102940
202940
212940
3863
13863
113863
103863
203863
213863
3157
13157
113157
103157
203157
213157
998
10998
110998
100998
200998
210998
3093
13093
113093
103093
203093
213093
3840
13840
113840
103840
203840
213840
4279
14279
114279
104279
204279
214279
350
10350
110350
100350
200350
210350
148
10148
110148
100148
200148
210148
700
10700
110700
100700
200700
210700
4030
14030
114030
104030
204030
214030
3365
13365
113365
103365
203365
213365
500
10500
110500
100500
200500
210500
3781
13781
113781
103781
203781
213781
126
10126
110126
100126
200126
210126
3216
13216
113216
103216
203216
213216
805
10805
110805
100805
200805
210805
4102
14102
114102
104102
204102
214102
478
10478
110478
100478
200478
210478
4203
14203
114203
104203
204203
214203
3342
13342
113342
103342
203342
213342
3546
13546
113546
103546
203546
213546
628
10628
110628
100628
200628
210628
4081
14081
114081
104081
204081
214081
3686
13686
113686
103686
203686
213686
3993
13993
113993
103993
203993
213993
3349
13349
113349
103349
203349
213349
405
10405
110405
100405
200405
210405
376
10376
110376
100376
200376
210376
471
10471
110471
100471
200471
210471
467
10467
110467
100467
200467
210467
3095
13095
113095
103095
203095
213095
246
10246
110246
100246
200246
210246
68
10068
110068
100068
200068
210068
3519
13519
113519
103519
203519
213519
3841
13841
113841
103841
203841
213841
3783
13783
113783
103783
203783
213783
541
10541
110541
100541
200541
210541
3368
13368
113368
103368
203368
213368
3714
13714
113714
103714
203714
213714
4052
14052
114052
104052
204052
214052
351
10351
110351
100351
200351
210351
107
10107
110107
100107
200107
210107
3418
13418
113418
103418
203418
213418
3204
13204
113204
103204
203204
213204
920
10920
110920
100920
200920
210920
3754
13754
113754
103754
203754
213754
3508
13508
113508
103508
203508
213508
3146
13146
113146
103146
203146
213146
3004
13004
113004
103004
203004
213004
3307
13307
113307
103307
203307
213307
3369
13369
113369
103369
203369
213369
3968
13968
113968
103968
203968
213968
22
10022
110022
100022
200022
210022
4201
14201
114201
104201
204201
214201
3042
13042
113042
103042
203042
213042
3069
13069
113069
103069
203069
213069
3235
13235
113235
103235
203235
213235
955
10955
110955
100955
200955
210955
3876
13876
113876
103876
203876
213876
3677
13677
113677
103677
203677
213677
655
10655
110655
100655
200655
210655
3253
13253
113253
103253
203253
213253
3466
13466
113466
103466
203466
213466
3689
13689
113689
103689
203689
213689
3857
13857
113857
103857
203857
213857
3451
13451
113451
103451
203451
213451
3970
13970
113970
103970
203970
213970
3935
13935
113935
103935
203935
213935
3556
13556
113556
103556
203556
213556
3215
13215
113215
103215
203215
213215
3340
13340
113340
103340
203340
213340
866
10866
110866
100866
200866
210866
477
10477
110477
100477
200477
210477
404
10404
110404
100404
200404
210404
141
10141
110141
100141
200141
210141
732
10732
110732
100732
200732
210732
3799
13799
113799
103799
203799
213799
750
10750
110750
100750
200750
210750
3333
13333
113333
103333
203333
213333
3924
13924
113924
103924
203924
213924
3852
13852
113852
103852
203852
213852
3102
13102
113102
103102
203102
213102
4143
14143
114143
104143
204143
214143
3357
13357
113357
103357
203357
213357
3331
13331
113331
103331
203331
213331
3597
13597
113597
103597
203597
213597
4170
14170
114170
104170
204170
214170
815
10815
110815
100815
200815
210815
450
10450
110450
100450
200450
210450
808
10808
110808
100808
200808
210808
3267
13267
113267
103267
203267
213267
3246
13246
113246
103246
203246
213246
103
10103
110103
100103
200103
210103
3170
13170
113170
103170
203170
213170
4139
14139
114139
104139
204139
214139
670
10670
110670
100670
200670
210670
3919
13919
113919
103919
203919
213919
4064
14064
114064
104064
204064
214064
4046
14046
114046
104046
204046
214046
15
10015
110015
100015
200015
210015
221
10221
110221
100221
200221
210221
2986
12986
112986
102986
202986
212986
3712
13712
113712
103712
203712
213712
3353
13353
113353
103353
203353
213353
3025
13025
113025
103025
203025
213025
4280
14280
114280
104280
204280
214280
668
10668
110668
100668
200668
210668
147
10147
110147
100147
200147
210147
3736
13736
113736
103736
203736
213736
3984
13984
113984
103984
203984
213984
4290
14290
114290
104290
204290
214290
4110
14110
114110
104110
204110
214110
3128
13128
113128
103128
203128
213128
495
10495
110495
100495
200495
210495
3198
13198
113198
103198
203198
213198
175
10175
110175
100175
200175
210175
4205
14205
114205
104205
204205
214205
451
10451
110451
100451
200451
210451
821
10821
110821
100821
200821
210821
3985
13985
113985
103985
203985
213985
3815
13815
113815
103815
203815
213815
384
10384
110384
100384
200384
210384
3112
13112
113112
103112
203112
213112
3711
13711
113711
103711
203711
213711
377
10377
110377
100377
200377
210377
3722
13722
113722
103722
203722
213722
4262
14262
114262
104262
204262
214262
4162
14162
114162
104162
204162
214162
4002
14002
114002
104002
204002
214002
3961
13961
113961
103961
203961
213961
305
10305
110305
100305
200305
210305
851
10851
110851
100851
200851
210851
3105
13105
113105
103105
203105
213105
348
10348
110348
100348
200348
210348
695
10695
110695
100695
200695
210695
3975
13975
113975
103975
203975
213975
4041
14041
114041
104041
204041
214041
3913
13913
113913
103913
203913
213913
357
10357
110357
100357
200357
210357
4082
14082
114082
104082
204082
214082
294
10294
110294
100294
200294
210294
19
10019
110019
100019
200019
210019
225
10225
110225
100225
200225
210225
3949
13949
113949
103949
203949
213949
3605
13605
113605
103605
203605
213605
3195
13195
113195
103195
203195
213195
638
10638
110638
100638
200638
210638
4131
14131
114131
104131
204131
214131
599
10599
110599
100599
200599
210599
3299
13299
113299
103299
203299
213299
677
10677
110677
100677
200677
210677
278
10278
110278
100278
200278
210278
313
10313
110313
100313
200313
210313
4056
14056
114056
104056
204056
214056
364
10364
110364
100364
200364
210364
3485
13485
113485
103485
203485
213485
3158
13158
113158
103158
203158
213158
3271
13271
113271
103271
203271
213271
951
10951
110951
100951
200951
210951
759
10759
110759
100759
200759
210759
3855
13855
113855
103855
203855
213855
3416
13416
113416
103416
203416
213416
907
10907
110907
100907
200907
210907
976
10976
110976
100976
200976
210976
3255
13255
113255
103255
203255
213255
3947
13947
113947
103947
203947
213947
4004
14004
114004
104004
204004
214004
603
10603
110603
100603
200603
210603
3073
13073
113073
103073
203073
213073
943
10943
110943
100943
200943
210943
949
10949
110949
100949
200949
210949
411
10411
110411
100411
200411
210411
4100
14100
114100
104100
204100
214100
4015
14015
114015
104015
204015
214015
847
10847
110847
100847
200847
210847
3476
13476
113476
103476
203476
213476
3885
13885
113885
103885
203885
213885
535
10535
110535
100535
200535
210535
4128
14128
114128
104128
204128
214128
235
10235
110235
100235
200235
210235
368
10368
110368
100368
200368
210368
154
10154
110154
100154
200154
210154
768
10768
110768
100768
200768
210768
61
10061
110061
100061
200061
210061
3744
13744
113744
103744
203744
213744
3784
13784
113784
103784
203784
213784
3717
13717
113717
103717
203717
213717
3230
13230
113230
103230
203230
213230
3701
13701
113701
103701
203701
213701
311
10311
110311
100311
200311
210311
3396
13396
113396
103396
203396
213396
3016
13016
113016
103016
203016
213016
970
10970
110970
100970
200970
210970
4156
14156
114156
104156
204156
214156
842
10842
110842
100842
200842
210842
3160
13160
113160
103160
203160
213160
115
10115
110115
100115
200115
210115
3695
13695
113695
103695
203695
213695
542
10542
110542
100542
200542
210542
3575
13575
113575
103575
203575
213575
4019
14019
114019
104019
204019
214019
3938
13938
113938
103938
203938
213938
3268
13268
113268
103268
203268
213268
3570
13570
113570
103570
203570
213570
3471
13471
113471
103471
203471
213471
3797
13797
113797
103797
203797
213797
3502
13502
113502
103502
203502
213502
987
10987
110987
100987
200987
210987
3547
13547
113547
103547
203547
213547
979
10979
110979
100979
200979
210979
624
10624
110624
100624
200624
210624
4287
14287
114287
104287
204287
214287
3412
13412
113412
103412
203412
213412
3164
13164
113164
103164
203164
213164
3166
13166
113166
103166
203166
213166
3599
13599
113599
103599
203599
213599
434
10434
110434
100434
200434
210434
3660
13660
113660
103660
203660
213660
296
10296
110296
100296
200296
210296
809
10809
110809
100809
200809
210809
178
10178
110178
100178
200178
210178
3436
13436
113436
103436
203436
213436
3915
13915
113915
103915
203915
213915
4065
14065
114065
104065
204065
214065
4107
14107
114107
104107
204107
214107
460
10460
110460
100460
200460
210460
345
10345
110345
100345
200345
210345
800
10800
110800
100800
200800
210800
641
10641
110641
100641
200641
210641
394
10394
110394
100394
200394
210394
961
10961
110961
100961
200961
210961
219
10219
110219
100219
200219
210219
3123
13123
113123
103123
203123
213123
3982
13982
113982
103982
203982
213982
3960
13960
113960
103960
203960
213960
549
10549
110549
100549
200549
210549
4267
14267
114267
104267
204267
214267
3682
13682
113682
103682
203682
213682
3614
13614
113614
103614
203614
213614
3080
13080
113080
103080
203080
213080
3731
13731
113731
103731
203731
213731
735
10735
110735
100735
200735
210735
3327
13327
113327
103327
203327
213327
2920
12920
112920
102920
202920
212920
776
10776
110776
100776
200776
210776
3377
13377
113377
103377
203377
213377
3259
13259
113259
103259
203259
213259
398
10398
110398
100398
200398
210398
3593
13593
113593
103593
203593
213593
4238
14238
114238
104238
204238
214238
71
10071
110071
100071
200071
210071
811
10811
110811
100811
200811
210811
3626
13626
113626
103626
203626
213626
3602
13602
113602
103602
203602
213602
3134
13134
113134
103134
203134
213134
3260
13260
113260
103260
203260
213260
859
10859
110859
100859
200859
210859
3794
13794
113794
103794
203794
213794
3991
13991
113991
103991
203991
213991
437
10437
110437
100437
200437
210437
1018
11018
111018
101018
201018
211018
3867
13867
113867
103867
203867
213867
887
10887
110887
100887
200887
210887
3594
13594
113594
103594
203594
213594
3969
13969
113969
103969
203969
213969
2935
12935
112935
102935
202935
212935
137
10137
110137
100137
200137
210137
3896
13896
113896
103896
203896
213896
3627
13627
113627
103627
203627
213627
3226
13226
113226
103226
203226
213226
2930
12930
112930
102930
202930
212930
3950
13950
113950
103950
203950
213950
4179
14179
114179
104179
204179
214179
149
10149
110149
100149
200149
210149
4305
14305
114305
104305
204305
214305
3480
13480
113480
103480
203480
213480
3892
13892
113892
103892
203892
213892
4119
14119
114119
104119
204119
214119
3265
13265
113265
103265
203265
213265
3560
13560
113560
103560
203560
213560
1003
11003
111003
101003
201003
211003
308
10308
110308
100308
200308
210308
475
10475
110475
100475
200475
210475
4302
14302
114302
104302
204302
214302
3506
13506
113506
103506
203506
213506
3738
13738
113738
103738
203738
213738
3370
13370
113370
103370
203370
213370
3406
13406
113406
103406
203406
213406
916
10916
110916
100916
200916
210916
3522
13522
113522
103522
203522
213522
578
10578
110578
100578
200578
210578
787
10787
110787
100787
200787
210787
3818
13818
113818
103818
203818
213818
11
10011
110011
100011
200011
210011
530
10530
110530
100530
200530
210530
904
10904
110904
100904
200904
210904
3381
13381
113381
103381
203381
213381
234
10234
110234
100234
200234
210234
3156
13156
113156
103156
203156
213156
3181
13181
113181
103181
203181
213181
3512
13512
113512
103512
203512
213512
3206
13206
113206
103206
203206
213206
4213
14213
114213
104213
204213
214213
3284
13284
113284
103284
203284
213284
758
10758
110758
100758
200758
210758
3213
13213
113213
103213
203213
213213
3515
13515
113515
103515
203515
213515
109
10109
110109
100109
200109
210109
742
10742
110742
100742
200742
210742
3635
13635
113635
103635
203635
213635
3971
13971
113971
103971
203971
213971
3708
13708
113708
103708
203708
213708
3171
13171
113171
103171
203171
213171
3374
13374
113374
103374
203374
213374
4294
14294
114294
104294
204294
214294
3644
13644
113644
103644
203644
213644
4180
14180
114180
104180
204180
214180
893
10893
110893
100893
200893
210893
761
10761
110761
100761
200761
210761
3576
13576
113576
103576
203576
213576
265
10265
110265
100265
200265
210265
3026
13026
113026
103026
203026
213026
4220
14220
114220
104220
204220
214220
143
10143
110143
100143
200143
210143
298
10298
110298
100298
200298
210298
3807
13807
113807
103807
203807
213807
3928
13928
113928
103928
203928
213928
1009
11009
111009
101009
201009
211009
3430
13430
113430
103430
203430
213430
160
10160
110160
100160
200160
210160
577
10577
110577
100577
200577
210577
4140
14140
114140
104140
204140
214140
146
10146
110146
100146
200146
210146
3897
13897
113897
103897
203897
213897
3568
13568
113568
103568
203568
213568
406
10406
110406
100406
200406
210406
169
10169
110169
100169
200169
210169
293
10293
110293
100293
200293
210293
715
10715
110715
100715
200715
210715
168
10168
110168
100168
200168
210168
3648
13648
113648
103648
203648
213648
150
10150
110150
100150
200150
210150
121
10121
110121
100121
200121
210121
3046
13046
113046
103046
203046
213046
3673
13673
113673
103673
203673
213673
705
10705
110705
100705
200705
210705
513
10513
110513
100513
200513
210513
3458
13458
113458
103458
203458
213458
650
10650
110650
100650
200650
210650
760
10760
110760
100760
200760
210760
544
10544
110544
100544
200544
210544
3328
13328
113328
103328
203328
213328
3203
13203
113203
103203
203203
213203
2949
12949
112949
102949
202949
212949
3350
13350
113350
103350
203350
213350
381
10381
110381
100381
200381
210381
470
10470
110470
100470
200470
210470
930
10930
110930
100930
200930
210930
4289
14289
114289
104289
204289
214289
4174
14174
114174
104174
204174
214174
3659
13659
113659
103659
203659
213659
4023
14023
114023
104023
204023
214023
215
10215
110215
100215
200215
210215
3793
13793
113793
103793
203793
213793
3550
13550
113550
103550
203550
213550
28
10028
110028
100028
200028
210028
3499
13499
113499
103499
203499
213499
524
10524
110524
100524
200524
210524
4061
14061
114061
104061
204061
214061
87
10087
110087
100087
200087
210087
3062
13062
113062
103062
203062
213062
197
10197
110197
100197
200197
210197
3603
13603
113603
103603
203603
213603
37
10037
110037
100037
200037
210037
560
10560
110560
100560
200560
210560
4033
14033
114033
104033
204033
214033
709
10709
110709
100709
200709
210709
4284
14284
114284
104284
204284
214284
667
10667
110667
100667
200667
210667
140
10140
110140
100140
200140
210140
2963
12963
112963
102963
202963
212963
770
10770
110770
100770
200770
210770
756
10756
110756
100756
200756
210756
714
10714
110714
100714
200714
210714
1024
11024
111024
101024
201024
211024
3219
13219
113219
103219
203219
213219
3423
13423
113423
103423
203423
213423
3432
13432
113432
103432
203432
213432
3747
13747
113747
103747
203747
213747
699
10699
110699
100699
200699
210699
3553
13553
113553
103553
203553
213553
4136
14136
114136
104136
204136
214136
27
10027
110027
100027
200027
210027
736
10736
110736
100736
200736
210736
506
10506
110506
100506
200506
210506
187
10187
110187
100187
200187
210187
3869
13869
113869
103869
203869
213869
3439
13439
113439
103439
203439
213439
3607
13607
113607
103607
203607
213607
34
10034
110034
100034
200034
210034
271
10271
110271
100271
200271
210271
3632
13632
113632
103632
203632
213632
482
10482
110482
100482
200482
210482
3697
13697
113697
103697
203697
213697
3059
13059
113059
103059
203059
213059
50
10050
110050
100050
200050
210050
4277
14277
114277
104277
204277
214277
3707
13707
113707
103707
203707
213707
4005
14005
114005
104005
204005
214005
459
10459
110459
100459
200459
210459
3865
13865
113865
103865
203865
213865
3541
13541
113541
103541
203541
213541
3874
13874
113874
103874
203874
213874
1017
11017
111017
101017
201017
211017
973
10973
110973
100973
200973
210973
2982
12982
112982
102982
202982
212982
879
10879
110879
100879
200879
210879
274
10274
110274
100274
200274
210274
288
10288
110288
100288
200288
210288
3448
13448
113448
103448
203448
213448
4113
14113
114113
104113
204113
214113
516
10516
110516
100516
200516
210516
3296
13296
113296
103296
203296
213296
3298
13298
113298
103298
203298
213298
285
10285
110285
100285
200285
210285
3208
13208
113208
103208
203208
213208
860
10860
110860
100860
200860
210860
696
10696
110696
100696
200696
210696
3604
13604
113604
103604
203604
213604
764
10764
110764
100764
200764
210764
3624
13624
113624
103624
203624
213624
3174
13174
113174
103174
203174
213174
3994
13994
113994
103994
203994
213994
663
10663
110663
100663
200663
210663
3335
13335
113335
103335
203335
213335
3194
13194
113194
103194
203194
213194
397
10397
110397
100397
200397
210397
3188
13188
113188
103188
203188
213188
3739
13739
113739
103739
203739
213739
323
10323
110323
100323
200323
210323
441
10441
110441
100441
200441
210441
3045
13045
113045
103045
203045
213045
2979
12979
112979
102979
202979
212979
4108
14108
114108
104108
204108
214108
3008
13008
113008
103008
203008
213008
4077
14077
114077
104077
204077
214077
4218
14218
114218
104218
204218
214218
3440
13440
113440
103440
203440
213440
342
10342
110342
100342
200342
210342
189
10189
110189
100189
200189
210189
857
10857
110857
100857
200857
210857
958
10958
110958
100958
200958
210958
4048
14048
114048
104048
204048
214048
95
10095
110095
100095
200095
210095
3408
13408
113408
103408
203408
213408
4124
14124
114124
104124
204124
214124
3274
13274
113274
103274
203274
213274
3081
13081
113081
103081
203081
213081
3679
13679
113679
103679
203679
213679
3071
13071
113071
103071
203071
213071
468
10468
110468
100468
200468
210468
4300
14300
114300
104300
204300
214300
277
10277
110277
100277
200277
210277
3587
13587
113587
103587
203587
213587
660
10660
110660
100660
200660
210660
3834
13834
113834
103834
203834
213834
4146
14146
114146
104146
204146
214146
3070
13070
113070
103070
203070
213070
3851
13851
113851
103851
203851
213851
393
10393
110393
100393
200393
210393
2938
12938
112938
102938
202938
212938
882
10882
110882
100882
200882
210882
988
10988
110988
100988
200988
210988
2959
12959
112959
102959
202959
212959
205
10205
110205
100205
200205
210205
3791
13791
113791
103791
203791
213791
3244
13244
113244
103244
203244
213244
771
10771
110771
100771
200771
210771
989
10989
110989
100989
200989
210989
4042
14042
114042
104042
204042
214042
4067
14067
114067
104067
204067
214067
119
10119
110119
100119
200119
210119
180
10180
110180
100180
200180
210180
788
10788
110788
100788
200788
210788
786
10786
110786
100786
200786
210786
3972
13972
113972
103972
203972
213972
3601
13601
113601
103601
203601
213601
3261
13261
113261
103261
203261
213261
223
10223
110223
100223
200223
210223
127
10127
110127
100127
200127
210127
3231
13231
113231
103231
203231
213231
483
10483
110483
100483
200483
210483
391
10391
110391
100391
200391
210391
3746
13746
113746
103746
203746
213746
101
10101
110101
100101
200101
210101
370
10370
110370
100370
200370
210370
722
10722
110722
100722
200722
210722
3470
13470
113470
103470
203470
213470
3358
13358
113358
103358
203358
213358
3452
13452
113452
103452
203452
213452
504
10504
110504
100504
200504
210504
4177
14177
114177
104177
204177
214177
4043
14043
114043
104043
204043
214043
708
10708
110708
100708
200708
210708
510
10510
110510
100510
200510
210510
57
10057
110057
100057
200057
210057
899
10899
110899
100899
200899
210899
4142
14142
114142
104142
204142
214142
3419
13419
113419
103419
203419
213419
3510
13510
113510
103510
203510
213510
4211
14211
114211
104211
204211
214211
3871
13871
113871
103871
203871
213871
343
10343
110343
100343
200343
210343
4135
14135
114135
104135
204135
214135
4097
14097
114097
104097
204097
214097
3379
13379
113379
103379
203379
213379
3596
13596
113596
103596
203596
213596
2987
12987
112987
102987
202987
212987
413
10413
110413
100413
200413
210413
2988
12988
112988
102988
202988
212988
3061
13061
113061
103061
203061
213061
3036
13036
113036
103036
203036
213036
3641
13641
113641
103641
203641
213641
2991
12991
112991
102991
202991
212991
295
10295
110295
100295
200295
210295
3367
13367
113367
103367
203367
213367
3238
13238
113238
103238
203238
213238
763
10763
110763
100763
200763
210763
3119
13119
113119
103119
203119
213119
845
10845
110845
100845
200845
210845
925
10925
110925
100925
200925
210925
2928
12928
112928
102928
202928
212928
3417
13417
113417
103417
203417
213417
3520
13520
113520
103520
203520
213520
3438
13438
113438
103438
203438
213438
3116
13116
113116
103116
203116
213116
3404
13404
113404
103404
203404
213404
830
10830
110830
100830
200830
210830
803
10803
110803
100803
200803
210803
458
10458
110458
100458
200458
210458
3002
13002
113002
103002
203002
213002
3007
13007
113007
103007
203007
213007
3179
13179
113179
103179
203179
213179
3048
13048
113048
103048
203048
213048
662
10662
110662
100662
200662
210662
414
10414
110414
100414
200414
210414
968
10968
110968
100968
200968
210968
3294
13294
113294
103294
203294
213294
3650
13650
113650
103650
203650
213650
2925
12925
112925
102925
202925
212925
3094
13094
113094
103094
203094
213094
181
10181
110181
100181
200181
210181
237
10237
110237
100237
200237
210237
487
10487
110487
100487
200487
210487
669
10669
110669
100669
200669
210669
3979
13979
113979
103979
203979
213979
3133
13133
113133
103133
203133
213133
3795
13795
113795
103795
203795
213795
3037
13037
113037
103037
203037
213037
312
10312
110312
100312
200312
210312
3266
13266
113266
103266
203266
213266
3847
13847
113847
103847
203847
213847
3951
13951
113951
103951
203951
213951
665
10665
110665
100665
200665
210665
3201
13201
113201
103201
203201
213201
511
10511
110511
100511
200511
210511
4252
14252
114252
104252
204252
214252
991
10991
110991
100991
200991
210991
3207
13207
113207
103207
203207
213207
710
10710
110710
100710
200710
210710
3750
13750
113750
103750
203750
213750
3192
13192
113192
103192
203192
213192
703
10703
110703
100703
200703
210703
880
10880
110880
100880
200880
210880
4208
14208
114208
104208
204208
214208
3548
13548
113548
103548
203548
213548
3033
13033
113033
103033
203033
213033
645
10645
110645
100645
200645
210645
111
10111
110111
100111
200111
210111
797
10797
110797
100797
200797
210797
3001
13001
113001
103001
203001
213001
361
10361
110361
100361
200361
210361
4016
14016
114016
104016
204016
214016
20
10020
110020
100020
200020
210020
3092
13092
113092
103092
203092
213092
3988
13988
113988
103988
203988
213988
4018
14018
114018
104018
204018
214018
3817
13817
113817
103817
203817
213817
130
10130
110130
100130
200130
210130
174
10174
110174
100174
200174
210174
557
10557
110557
100557
200557
210557
4099
14099
114099
104099
204099
214099
3457
13457
113457
103457
203457
213457
3014
13014
113014
103014
203014
213014
3952
13952
113952
103952
203952
213952
3172
13172
113172
103172
203172
213172
2
10002
110002
100002
200002
210002
3533
13533
113533
103533
203533
213533
167
10167
110167
100167
200167
210167
6
10006
110006
100006
200006
210006
254
10254
110254
100254
200254
210254
529
10529
110529
100529
200529
210529
2967
12967
112967
102967
202967
212967
3953
13953
113953
103953
203953
213953
3248
13248
113248
103248
203248
213248
781
10781
110781
100781
200781
210781
835
10835
110835
100835
200835
210835
3282
13282
113282
103282
203282
213282
355
10355
110355
100355
200355
210355
399
10399
110399
100399
200399
210399
3332
13332
113332
103332
203332
213332
3351
13351
113351
103351
203351
213351
3169
13169
113169
103169
203169
213169
207
10207
110207
100207
200207
210207
125
10125
110125
100125
200125
210125
3126
13126
113126
103126
203126
213126
543
10543
110543
100543
200543
210543
647
10647
110647
100647
200647
210647
3371
13371
113371
103371
203371
213371
3366
13366
113366
103366
203366
213366
3356
13356
113356
103356
203356
213356
3106
13106
113106
103106
203106
213106
333
10333
110333
100333
200333
210333
3474
13474
113474
103474
203474
213474
3806
13806
113806
103806
203806
213806
75
10075
110075
100075
200075
210075
564
10564
110564
100564
200564
210564
3665
13665
113665
103665
203665
213665
558
10558
110558
100558
200558
210558
3514
13514
113514
103514
203514
213514
3325
13325
113325
103325
203325
213325
2929
12929
112929
102929
202929
212929
3671
13671
113671
103671
203671
213671
940
10940
110940
100940
200940
210940
466
10466
110466
100466
200466
210466
3854
13854
113854
103854
203854
213854
262
10262
110262
100262
200262
210262
923
10923
110923
100923
200923
210923
2939
12939
112939
102939
202939
212939
3921
13921
113921
103921
203921
213921
4013
14013
114013
104013
204013
214013
745
10745
110745
100745
200745
210745
4215
14215
114215
104215
204215
214215
4026
14026
114026
104026
204026
214026
4304
14304
114304
104304
204304
214304
3926
13926
113926
103926
203926
213926
33
10033
110033
100033
200033
210033
547
10547
110547
100547
200547
210547
2946
12946
112946
102946
202946
212946
3475
13475
113475
103475
203475
213475
4090
14090
114090
104090
204090
214090
3652
13652
113652
103652
203652
213652
3930
13930
113930
103930
203930
213930
41
10041
110041
100041
200041
210041
3800
13800
113800
103800
203800
213800
562
10562
110562
100562
200562
210562
3780
13780
113780
103780
203780
213780
4206
14206
114206
104206
204206
214206
3558
13558
113558
103558
203558
213558
3787
13787
113787
103787
203787
213787
2957
12957
112957
102957
202957
212957
3446
13446
113446
103446
203446
213446
570
10570
110570
100570
200570
210570
615
10615
110615
100615
200615
210615
4148
14148
114148
104148
204148
214148
4199
14199
114199
104199
204199
214199
4141
14141
114141
104141
204141
214141
4123
14123
114123
104123
204123
214123
315
10315
110315
100315
200315
210315
281
10281
110281
100281
200281
210281
4212
14212
114212
104212
204212
214212
325
10325
110325
100325
200325
210325
224
10224
110224
100224
200224
210224
144
10144
110144
100144
200144
210144
341
10341
110341
100341
200341
210341
3032
13032
113032
103032
203032
213032
3725
13725
113725
103725
203725
213725
3503
13503
113503
103503
203503
213503
462
10462
110462
100462
200462
210462
3955
13955
113955
103955
203955
213955
390
10390
110390
100390
200390
210390
4038
14038
114038
104038
204038
214038
449
10449
110449
100449
200449
210449
4259
14259
114259
104259
204259
214259
5
10005
110005
100005
200005
210005
2992
12992
112992
102992
202992
212992
747
10747
110747
100747
200747
210747
3578
13578
113578
103578
203578
213578
3694
13694
113694
103694
203694
213694
3021
13021
113021
103021
203021
213021
792
10792
110792
100792
200792
210792
3612
13612
113612
103612
203612
213612
4047
14047
114047
104047
204047
214047
3495
13495
113495
103495
203495
213495
3669
13669
113669
103669
203669
213669
775
10775
110775
100775
200775
210775
3426
13426
113426
103426
203426
213426
3490
13490
113490
103490
203490
213490
349
10349
110349
100349
200349
210349
367
10367
110367
100367
200367
210367
2919
12919
112919
102919
202919
212919
145
10145
110145
100145
200145
210145
984
10984
110984
100984
200984
210984
3932
13932
113932
103932
203932
213932
3243
13243
113243
103243
203243
213243
996
10996
110996
100996
200996
210996
3297
13297
113297
103297
203297
213297
617
10617
110617
100617
200617
210617
773
10773
110773
100773
200773
210773
3010
13010
113010
103010
203010
213010
1008
11008
111008
101008
201008
211008
741
10741
110741
100741
200741
210741
3467
13467
113467
103467
203467
213467
725
10725
110725
100725
200725
210725
2951
12951
112951
102951
202951
212951
4264
14264
114264
104264
204264
214264
3760
13760
113760
103760
203760
213760
584
10584
110584
100584
200584
210584
4104
14104
114104
104104
204104
214104
4298
14298
114298
104298
204298
214298
711
10711
110711
100711
200711
210711
412
10412
110412
100412
200412
210412
3917
13917
113917
103917
203917
213917
3621
13621
113621
103621
203621
213621
3977
13977
113977
103977
203977
213977
997
10997
110997
100997
200997
210997
601
10601
110601
100601
200601
210601
878
10878
110878
100878
200878
210878
4222
14222
114222
104222
204222
214222
3360
13360
113360
103360
203360
213360
157
10157
110157
100157
200157
210157
854
10854
110854
100854
200854
210854
853
10853
110853
100853
200853
210853
3392
13392
113392
103392
203392
213392
3463
13463
113463
103463
203463
213463
260
10260
110260
100260
200260
210260
3329
13329
113329
103329
203329
213329
79
10079
110079
100079
200079
210079
3600
13600
113600
103600
203600
213600
3088
13088
113088
103088
203088
213088
245
10245
110245
100245
200245
210245
881
10881
110881
100881
200881
210881
2989
12989
112989
102989
202989
212989
3221
13221
113221
103221
203221
213221
865
10865
110865
100865
200865
210865
3625
13625
113625
103625
203625
213625
3224
13224
113224
103224
203224
213224
9
10009
110009
100009
200009
210009
3992
13992
113992
103992
203992
213992
3540
13540
113540
103540
203540
213540
310
10310
110310
100310
200310
210310
3039
13039
113039
103039
203039
213039
3658
13658
113658
103658
203658
213658
218
10218
110218
100218
200218
210218
4125
14125
114125
104125
204125
214125
4173
14173
114173
104173
204173
214173
3504
13504
113504
103504
203504
213504
3661
13661
113661
103661
203661
213661
481
10481
110481
100481
200481
210481
3035
13035
113035
103035
203035
213035
410
10410
110410
100410
200410
210410
2978
12978
112978
102978
202978
212978
3225
13225
113225
103225
203225
213225
3232
13232
113232
103232
203232
213232
3527
13527
113527
103527
203527
213527
100
10100
110100
100100
200100
210100
3384
13384
113384
103384
203384
213384
114
10114
110114
100114
200114
210114
3859
13859
113859
103859
203859
213859
3945
13945
113945
103945
203945
213945
683
10683
110683
100683
200683
210683
526
10526
110526
100526
200526
210526
4027
14027
114027
104027
204027
214027
3879
13879
113879
103879
203879
213879
4272
14272
114272
104272
204272
214272
3135
13135
113135
103135
203135
213135
648
10648
110648
100648
200648
210648
802
10802
110802
100802
200802
210802
933
10933
110933
100933
200933
210933
3584
13584
113584
103584
203584
213584
3393
13393
113393
103393
203393
213393
486
10486
110486
100486
200486
210486
3127
13127
113127
103127
203127
213127
977
10977
110977
100977
200977
210977
738
10738
110738
100738
200738
210738
3544
13544
113544
103544
203544
213544
3468
13468
113468
103468
203468
213468
3083
13083
113083
103083
203083
213083
228
10228
110228
100228
200228
210228
3422
13422
113422
103422
203422
213422
3693
13693
113693
103693
203693
213693
494
10494
110494
100494
200494
210494
151
10151
110151
100151
200151
210151
3573
13573
113573
103573
203573
213573
950
10950
110950
100950
200950
210950
3832
13832
113832
103832
203832
213832
1022
11022
111022
101022
201022
211022
946
10946
110946
100946
200946
210946
3699
13699
113699
103699
203699
213699
358
10358
110358
100358
200358
210358
480
10480
110480
100480
200480
210480
4080
14080
114080
104080
204080
214080
3618
13618
113618
103618
203618
213618
3015
13015
113015
103015
203015
213015
3986
13986
113986
103986
203986
213986
353
10353
110353
100353
200353
210353
3606
13606
113606
103606
203606
213606
3688
13688
113688
103688
203688
213688
3957
13957
113957
103957
203957
213957
1011
11011
111011
101011
201011
211011
3837
13837
113837
103837
203837
213837
3241
13241
113241
103241
203241
213241
4114
14114
114114
104114
204114
214114
659
10659
110659
100659
200659
210659
3229
13229
113229
103229
203229
213229
939
10939
110939
100939
200939
210939
3709
13709
113709
103709
203709
213709
3305
13305
113305
103305
203305
213305
661
10661
110661
100661
200661
210661
232
10232
110232
100232
200232
210232
3473
13473
113473
103473
203473
213473
4121
14121
114121
104121
204121
214121
445
10445
110445
100445
200445
210445
733
10733
110733
100733
200733
210733
2961
12961
112961
102961
202961
212961
287
10287
110287
100287
200287
210287
63
10063
110063
100063
200063
210063
3720
13720
113720
103720
203720
213720
622
10622
110622
100622
200622
210622
629
10629
110629
100629
200629
210629
4227
14227
114227
104227
204227
214227
681
10681
110681
100681
200681
210681
263
10263
110263
100263
200263
210263
913
10913
110913
100913
200913
210913
12
10012
110012
100012
200012
210012
3019
13019
113019
103019
203019
213019
176
10176
110176
100176
200176
210176
336
10336
110336
100336
200336
210336
3914
13914
113914
103914
203914
213914
89
10089
110089
100089
200089
210089
161
10161
110161
100161
200161
210161
4144
14144
114144
104144
204144
214144
3130
13130
113130
103130
203130
213130
354
10354
110354
100354
200354
210354
3481
13481
113481
103481
203481
213481
2994
12994
112994
102994
202994
212994
425
10425
110425
100425
200425
210425
3751
13751
113751
103751
203751
213751
4293
14293
114293
104293
204293
214293
2924
12924
112924
102924
202924
212924
4014
14014
114014
104014
204014
214014
634
10634
110634
100634
200634
210634
3801
13801
113801
103801
203801
213801
485
10485
110485
100485
200485
210485
654
10654
110654
100654
200654
210654
3240
13240
113240
103240
203240
213240
590
10590
110590
100590
200590
210590
4003
14003
114003
104003
204003
214003
1001
11001
111001
101001
201001
211001
762
10762
110762
100762
200762
210762
3734
13734
113734
103734
203734
213734
301
10301
110301
100301
200301
210301
102
10102
110102
100102
200102
210102
240
10240
110240
100240
200240
210240
4171
14171
114171
104171
204171
214171
3264
13264
113264
103264
203264
213264
4007
14007
114007
104007
204007
214007
3542
13542
113542
103542
203542
213542
690
10690
110690
100690
200690
210690
694
10694
110694
100694
200694
210694
297
10297
110297
100297
200297
210297
4079
14079
114079
104079
204079
214079
3726
13726
113726
103726
203726
213726
1021
11021
111021
101021
201021
211021
767
10767
110767
100767
200767
210767
4021
14021
114021
104021
204021
214021
942
10942
110942
100942
200942
210942
3111
13111
113111
103111
203111
213111
4196
14196
114196
104196
204196
214196
525
10525
110525
100525
200525
210525
2942
12942
112942
102942
202942
212942
3154
13154
113154
103154
203154
213154
4103
14103
114103
104103
204103
214103
3486
13486
113486
103486
203486
213486
3483
13483
113483
103483
203483
213483
4195
14195
114195
104195
204195
214195
2958
12958
112958
102958
202958
212958
3909
13909
113909
103909
203909
213909
3808
13808
113808
103808
203808
213808
3912
13912
113912
103912
203912
213912
3974
13974
113974
103974
203974
213974
687
10687
110687
100687
200687
210687
188
10188
110188
100188
200188
210188
3074
13074
113074
103074
203074
213074
871
10871
110871
100871
200871
210871
890
10890
110890
100890
200890
210890
3946
13946
113946
103946
203946
213946
640
10640
110640
100640
200640
210640
575
10575
110575
100575
200575
210575
576
10576
110576
100576
200576
210576
3828
13828
113828
103828
203828
213828
3114
13114
113114
103114
203114
213114
229
10229
110229
100229
200229
210229
4086
14086
114086
104086
204086
214086
3898
13898
113898
103898
203898
213898
3286
13286
113286
103286
203286
213286
4154
14154
114154
104154
204154
214154
4245
14245
114245
104245
204245
214245
2964
12964
112964
102964
202964
212964
276
10276
110276
100276
200276
210276
3759
13759
113759
103759
203759
213759
3636
13636
113636
103636
203636
213636
243
10243
110243
100243
200243
210243
152
10152
110152
100152
200152
210152
3776
13776
113776
103776
203776
213776
3779
13779
113779
103779
203779
213779
139
10139
110139
100139
200139
210139
3410
13410
113410
103410
203410
213410
84
10084
110084
100084
200084
210084
3554
13554
113554
103554
203554
213554
4160
14160
114160
104160
204160
214160
4172
14172
114172
104172
204172
214172
2995
12995
112995
102995
202995
212995
4017
14017
114017
104017
204017
214017
3798
13798
113798
103798
203798
213798
3742
13742
113742
103742
203742
213742
366
10366
110366
100366
200366
210366
3645
13645
113645
103645
203645
213645
52
10052
110052
100052
200052
210052
3608
13608
113608
103608
203608
213608
779
10779
110779
100779
200779
210779
3427
13427
113427
103427
203427
213427
192
10192
110192
100192
200192
210192
417
10417
110417
100417
200417
210417
3530
13530
113530
103530
203530
213530
4303
14303
114303
104303
204303
214303
3445
13445
113445
103445
203445
213445
268
10268
110268
100268
200268
210268
4209
14209
114209
104209
204209
214209
922
10922
110922
100922
200922
210922
2922
12922
112922
102922
202922
212922
4115
14115
114115
104115
204115
214115
3086
13086
113086
103086
203086
213086
532
10532
110532
100532
200532
210532
3388
13388
113388
103388
203388
213388
344
10344
110344
100344
200344
210344
66
10066
110066
100066
200066
210066
3104
13104
113104
103104
203104
213104
3455
13455
113455
103455
203455
213455
3802
13802
113802
103802
203802
213802
465
10465
110465
100465
200465
210465
2962
12962
112962
102962
202962
212962
331
10331
110331
100331
200331
210331
3051
13051
113051
103051
203051
213051
304
10304
110304
100304
200304
210304
512
10512
110512
100512
200512
210512
4255
14255
114255
104255
204255
214255
948
10948
110948
100948
200948
210948
834
10834
110834
100834
200834
210834
4040
14040
114040
104040
204040
214040
58
10058
110058
100058
200058
210058
4192
14192
114192
104192
204192
214192
2923
12923
112923
102923
202923
212923
4278
14278
114278
104278
204278
214278
595
10595
110595
100595
200595
210595
142
10142
110142
100142
200142
210142
4251
14251
114251
104251
204251
214251
2955
12955
112955
102955
202955
212955
2972
12972
112972
102972
202972
212972
3728
13728
113728
103728
203728
213728
401
10401
110401
100401
200401
210401
4071
14071
114071
104071
204071
214071
3003
13003
113003
103003
203003
213003
3227
13227
113227
103227
203227
213227
4232
14232
114232
104232
204232
214232
936
10936
110936
100936
200936
210936
4
10004
110004
100004
200004
210004
3511
13511
113511
103511
203511
213511
2926
12926
112926
102926
202926
212926
3324
13324
113324
103324
203324
213324
3875
13875
113875
103875
203875
213875
3585
13585
113585
103585
203585
213585
3691
13691
113691
103691
203691
213691
132
10132
110132
100132
200132
210132
3733
13733
113733
103733
203733
213733
3888
13888
113888
103888
203888
213888
3637
13637
113637
103637
203637
213637
975
10975
110975
100975
200975
210975
3687
13687
113687
103687
203687
213687
796
10796
110796
100796
200796
210796
753
10753
110753
100753
200753
210753
3500
13500
113500
103500
203500
213500
469
10469
110469
100469
200469
210469
4084
14084
114084
104084
204084
214084
3049
13049
113049
103049
203049
213049
4149
14149
114149
104149
204149
214149
4145
14145
114145
104145
204145
214145
502
10502
110502
100502
200502
210502
230
10230
110230
100230
200230
210230
49
10049
110049
100049
200049
210049
3424
13424
113424
103424
203424
213424
1012
11012
111012
101012
201012
211012
843
10843
110843
100843
200843
210843
2954
12954
112954
102954
202954
212954
3628
13628
113628
103628
203628
213628
429
10429
110429
100429
200429
210429
3303
13303
113303
103303
203303
213303
3378
13378
113378
103378
203378
213378
4093
14093
114093
104093
204093
214093
3609
13609
113609
103609
203609
213609
76
10076
110076
100076
200076
210076
3153
13153
113153
103153
203153
213153
3178
13178
113178
103178
203178
213178
4105
14105
114105
104105
204105
214105
3262
13262
113262
103262
203262
213262
3757
13757
113757
103757
203757
213757
602
10602
110602
100602
200602
210602
819
10819
110819
100819
200819
210819
2973
12973
112973
102973
202973
212973
816
10816
110816
100816
200816
210816
3386
13386
113386
103386
203386
213386
3995
13995
113995
103995
203995
213995
17
10017
110017
100017
200017
210017
222
10222
110222
100222
200222
210222
3117
13117
113117
103117
203117
213117
476
10476
110476
100476
200476
210476
239
10239
110239
100239
200239
210239
3620
13620
113620
103620
203620
213620
3131
13131
113131
103131
203131
213131
3978
13978
113978
103978
203978
213978
2937
12937
112937
102937
202937
212937
3866
13866
113866
103866
203866
213866
686
10686
110686
100686
200686
210686
684
10684
110684
100684
200684
210684
4101
14101
114101
104101
204101
214101
3598
13598
113598
103598
203598
213598
191
10191
110191
100191
200191
210191
2933
12933
112933
102933
202933
212933
3097
13097
113097
103097
203097
213097
901
10901
110901
100901
200901
210901
4207
14207
114207
104207
204207
214207
4273
14273
114273
104273
204273
214273
3788
13788
113788
103788
203788
213788
712
10712
110712
100712
200712
210712
3765
13765
113765
103765
203765
213765
587
10587
110587
100587
200587
210587
93
10093
110093
100093
200093
210093
637
10637
110637
100637
200637
210637
3685
13685
113685
103685
203685
213685
4249
14249
114249
104249
204249
214249
3796
13796
113796
103796
203796
213796
3646
13646
113646
103646
203646
213646
4024
14024
114024
104024
204024
214024
4028
14028
114028
104028
204028
214028
3566
13566
113566
103566
203566
213566
4096
14096
114096
104096
204096
214096
3870
13870
113870
103870
203870
213870
4037
14037
114037
104037
204037
214037
3489
13489
113489
103489
203489
213489
208
10208
110208
100208
200208
210208
3753
13753
113753
103753
203753
213753
2934
12934
112934
102934
202934
212934
569
10569
110569
100569
200569
210569
2969
12969
112969
102969
202969
212969
4214
14214
114214
104214
204214
214214
431
10431
110431
100431
200431
210431
422
10422
110422
100422
200422
210422
3732
13732
113732
103732
203732
213732
4078
14078
114078
104078
204078
214078
729
10729
110729
100729
200729
210729
2947
12947
112947
102947
202947
212947
3234
13234
113234
103234
203234
213234
338
10338
110338
100338
200338
210338
36
10036
110036
100036
200036
210036
4182
14182
114182
104182
204182
214182
3283
13283
113283
103283
203283
213283
433
10433
110433
100433
200433
210433
3856
13856
113856
103856
203856
213856
3839
13839
113839
103839
203839
213839
407
10407
110407
100407
200407
210407
581
10581
110581
100581
200581
210581
1019
11019
111019
101019
201019
211019
4060
14060
114060
104060
204060
214060
110
10110
110110
100110
200110
210110
4193
14193
114193
104193
204193
214193
3616
13616
113616
103616
203616
213616
626
10626
110626
100626
200626
210626
488
10488
110488
100488
200488
210488
4189
14189
114189
104189
204189
214189
3561
13561
113561
103561
203561
213561
4006
14006
114006
104006
204006
214006
3769
13769
113769
103769
203769
213769
3337
13337
113337
103337
203337
213337
649
10649
110649
100649
200649
210649
3963
13963
113963
103963
203963
213963
855
10855
110855
100855
200855
210855
3141
13141
113141
103141
203141
213141
117
10117
110117
100117
200117
210117
3354
13354
113354
103354
203354
213354
825
10825
110825
100825
200825
210825
3387
13387
113387
103387
203387
213387
527
10527
110527
100527
200527
210527
4011
14011
114011
104011
204011
214011
919
10919
110919
100919
200919
210919
752
10752
110752
100752
200752
210752
69
10069
110069
100069
200069
210069
4250
14250
114250
104250
204250
214250
4066
14066
114066
104066
204066
214066
3906
13906
113906
103906
203906
213906
256
10256
110256
100256
200256
210256
927
10927
110927
100927
200927
210927
70
10070
110070
100070
200070
210070
678
10678
110678
100678
200678
210678
902
10902
110902
100902
200902
210902
3590
13590
113590
103590
203590
213590
867
10867
110867
100867
200867
210867
563
10563
110563
100563
200563
210563
3809
13809
113809
103809
203809
213809
903
10903
110903
100903
200903
210903
3657
13657
113657
103657
203657
213657
3140
13140
113140
103140
203140
213140
938
10938
110938
100938
200938
210938
514
10514
110514
100514
200514
210514
299
10299
110299
100299
200299
210299
521
10521
110521
100521
200521
210521
981
10981
110981
100981
200981
210981
4138
14138
114138
104138
204138
214138
4198
14198
114198
104198
204198
214198
3524
13524
113524
103524
203524
213524
290
10290
110290
100290
200290
210290
4025
14025
114025
104025
204025
214025
3937
13937
113937
103937
203937
213937
3966
13966
113966
103966
203966
213966
3472
13472
113472
103472
203472
213472
3150
13150
113150
103150
203150
213150
631
10631
110631
100631
200631
210631
3005
13005
113005
103005
203005
213005
32
10032
110032
100032
200032
210032
123
10123
110123
100123
200123
210123
244
10244
110244
100244
200244
210244
415
10415
110415
100415
200415
210415
3517
13517
113517
103517
203517
213517
484
10484
110484
100484
200484
210484
740
10740
110740
100740
200740
210740
307
10307
110307
100307
200307
210307
986
10986
110986
100986
200986
210986
912
10912
110912
100912
200912
210912
3768
13768
113768
103768
203768
213768
3901
13901
113901
103901
203901
213901
3811
13811
113811
103811
203811
213811
4076
14076
114076
104076
204076
214076
3096
13096
113096
103096
203096
213096
676
10676
110676
100676
200676
210676
3176
13176
113176
103176
203176
213176
906
10906
110906
100906
200906
210906
4057
14057
114057
104057
204057
214057
850
10850
110850
100850
200850
210850
4163
14163
114163
104163
204163
214163
739
10739
110739
100739
200739
210739
309
10309
110309
100309
200309
210309
838
10838
110838
100838
200838
210838
46
10046
110046
100046
200046
210046
896
10896
110896
100896
200896
210896
3730
13730
113730
103730
203730
213730
4282
14282
114282
104282
204282
214282
153
10153
110153
100153
200153
210153
25
10025
110025
100025
200025
210025
4226
14226
114226
104226
204226
214226
3893
13893
113893
103893
203893
213893
275
10275
110275
100275
200275
210275
461
10461
110461
100461
200461
210461
4109
14109
114109
104109
204109
214109
3850
13850
113850
103850
203850
213850
3304
13304
113304
103304
203304
213304
3254
13254
113254
103254
203254
213254
3252
13252
113252
103252
203252
213252
67
10067
110067
100067
200067
210067
4224
14224
114224
104224
204224
214224
116
10116
110116
100116
200116
210116
2945
12945
112945
102945
202945
212945
3295
13295
113295
103295
203295
213295
3376
13376
113376
103376
203376
213376
533
10533
110533
100533
200533
210533
3941
13941
113941
103941
203941
213941
120
10120
110120
100120
200120
210120
3998
13998
113998
103998
203998
213998
3536
13536
113536
103536
203536
213536
743
10743
110743
100743
200743
210743
3501
13501
113501
103501
203501
213501
3529
13529
113529
103529
203529
213529
3462
13462
113462
103462
203462
213462
3484
13484
113484
103484
203484
213484
604
10604
110604
100604
200604
210604
706
10706
110706
100706
200706
210706
3816
13816
113816
103816
203816
213816
3362
13362
113362
103362
203362
213362
3034
13034
113034
103034
203034
213034
3449
13449
113449
103449
203449
213449
3552
13552
113552
103552
203552
213552
3279
13279
113279
103279
203279
213279
3125
13125
113125
103125
203125
213125
60
10060
110060
100060
200060
210060
3437
13437
113437
103437
203437
213437
409
10409
110409
100409
200409
210409
766
10766
110766
100766
200766
210766
4268
14268
114268
104268
204268
214268
3433
13433
113433
103433
203433
213433
332
10332
110332
100332
200332
210332
4137
14137
114137
104137
204137
214137
3633
13633
113633
103633
203633
213633
4216
14216
114216
104216
204216
214216
573
10573
110573
100573
200573
210573
840
10840
110840
100840
200840
210840
3359
13359
113359
103359
203359
213359
193
10193
110193
100193
200193
210193
14
10014
110014
100014
200014
210014
3288
13288
113288
103288
203288
213288
4286
14286
114286
104286
204286
214286
3173
13173
113173
103173
203173
213173
785
10785
110785
100785
200785
210785
105
10105
110105
100105
200105
210105
3421
13421
113421
103421
203421
213421
138
10138
110138
100138
200138
210138
3024
13024
113024
103024
203024
213024
64
10064
110064
100064
200064
210064
3469
13469
113469
103469
203469
213469
828
10828
110828
100828
200828
210828
3420
13420
113420
103420
203420
213420
408
10408
110408
100408
200408
210408
3306
13306
113306
103306
203306
213306
3488
13488
113488
103488
203488
213488
791
10791
110791
100791
200791
210791
3563
13563
113563
103563
203563
213563
3911
13911
113911
103911
203911
213911
3891
13891
113891
103891
203891
213891
4236
14236
114236
104236
204236
214236
3494
13494
113494
103494
203494
213494
3749
13749
113749
103749
203749
213749
3964
13964
113964
103964
203964
213964
704
10704
110704
100704
200704
210704
3792
13792
113792
103792
203792
213792
3843
13843
113843
103843
203843
213843
784
10784
110784
100784
200784
210784
3315
13315
113315
103315
203315
213315
826
10826
110826
100826
200826
210826
3343
13343
113343
103343
203343
213343
2931
12931
112931
102931
202931
212931
3346
13346
113346
103346
203346
213346
3864
13864
113864
103864
203864
213864
1015
11015
111015
101015
201015
211015
4120
14120
114120
104120
204120
214120
3239
13239
113239
103239
203239
213239
4133
14133
114133
104133
204133
214133
3531
13531
113531
103531
203531
213531
3700
13700
113700
103700
203700
213700
3890
13890
113890
103890
203890
213890
3290
13290
113290
103290
203290
213290
4045
14045
114045
104045
204045
214045
3740
13740
113740
103740
203740
213740
3022
13022
113022
103022
203022
213022
4237
14237
114237
104237
204237
214237
3460
13460
113460
103460
203460
213460
644
10644
110644
100644
200644
210644
1025
11025
111025
101025
201025
211025
3355
13355
113355
103355
203355
213355
552
10552
110552
100552
200552
210552
457
10457
110457
100457
200457
210457
190
10190
110190
100190
200190
210190
473
10473
110473
100473
200473
210473
536
10536
110536
100536
200536
210536
4191
14191
114191
104191
204191
214191
4072
14072
114072
104072
204072
214072
23
10023
110023
100023
200023
210023
3247
13247
113247
103247
203247
213247
909
10909
110909
100909
200909
210909
3525
13525
113525
103525
203525
213525
1020
11020
111020
101020
201020
211020
658
10658
110658
100658
200658
210658
621
10621
110621
100621
200621
210621
4292
14292
114292
104292
204292
214292
774
10774
110774
100774
200774
210774
926
10926
110926
100926
200926
210926
3052
13052
113052
103052
203052
213052
3200
13200
113200
103200
203200
213200
135
10135
110135
100135
200135
210135
166
10166
110166
100166
200166
210166
4118
14118
114118
104118
204118
214118
3
10003
110003
100003
200003
210003
3193
13193
113193
103193
203193
213193
3190
13190
113190
103190
203190
213190
3778
13778
113778
103778
203778
213778
21
10021
110021
100021
200021
210021
3323
13323
113323
103323
203323
213323
3056
13056
113056
103056
203056
213056
4240
14240
114240
104240
204240
214240
953
10953
110953
100953
200953
210953
3281
13281
113281
103281
203281
213281
3109
13109
113109
103109
203109
213109
3242
13242
113242
103242
203242
213242
3403
13403
113403
103403
203403
213403
817
10817
110817
100817
200817
210817
3724
13724
113724
103724
203724
213724
4269
14269
114269
104269
204269
214269
247
10247
110247
100247
200247
210247
586
10586
110586
100586
200586
210586
122
10122
110122
100122
200122
210122
4020
14020
114020
104020
204020
214020
3823
13823
113823
103823
203823
213823
3786
13786
113786
103786
203786
213786
3755
13755
113755
103755
203755
213755
3706
13706
113706
103706
203706
213706
918
10918
110918
100918
200918
210918
693
10693
110693
100693
200693
210693
2984
12984
112984
102984
202984
212984
751
10751
110751
100751
200751
210751
2996
12996
112996
102996
202996
212996
861
10861
110861
100861
200861
210861
4275
14275
114275
104275
204275
214275
4106
14106
114106
104106
204106
214106
3564
13564
113564
103564
203564
213564
810
10810
110810
100810
200810
210810
3764
13764
113764
103764
203764
213764
528
10528
110528
100528
200528
210528
723
10723
110723
100723
200723
210723
374
10374
110374
100374
200374
210374
479
10479
110479
100479
200479
210479
3147
13147
113147
103147
203147
213147
4083
14083
114083
104083
204083
214083
1010
11010
111010
101010
201010
211010
3663
13663
113663
103663
203663
213663
545
10545
110545
100545
200545
210545
929
10929
110929
100929
200929
210929
3640
13640
113640
103640
203640
213640
3904
13904
113904
103904
203904
213904
3647
13647
113647
103647
203647
213647
978
10978
110978
100978
200978
210978
798
10798
110798
100798
200798
210798
3084
13084
113084
103084
203084
213084
3027
13027
113027
103027
203027
213027
4036
14036
114036
104036
204036
214036
3827
13827
113827
103827
203827
213827
300
10300
110300
100300
200300
210300
3110
13110
113110
103110
203110
213110
632
10632
110632
100632
200632
210632
985
10985
110985
100985
200985
210985
814
10814
110814
100814
200814
210814
3902
13902
113902
103902
203902
213902
924
10924
110924
100924
200924
210924
844
10844
110844
100844
200844
210844
3704
13704
113704
103704
203704
213704
446
10446
110446
100446
200446
210446
416
10416
110416
100416
200416
210416
43
10043
110043
100043
200043
210043
3361
13361
113361
103361
203361
213361
267
10267
110267
100267
200267
210267
3320
13320
113320
103320
203320
213320
4035
14035
114035
104035
204035
214035
2948
12948
112948
102948
202948
212948
264
10264
110264
100264
200264
210264
3196
13196
113196
103196
203196
213196
3922
13922
113922
103922
203922
213922
3344
13344
113344
103344
203344
213344
4022
14022
114022
104022
204022
214022
4075
14075
114075
104075
204075
214075
3098
13098
113098
103098
203098
213098
3180
13180
113180
103180
203180
213180
515
10515
110515
100515
200515
210515
3482
13482
113482
103482
203482
213482
3980
13980
113980
103980
203980
213980
134
10134
110134
100134
200134
210134
3258
13258
113258
103258
203258
213258
914
10914
110914
100914
200914
210914
3538
13538
113538
103538
203538
213538
3218
13218
113218
103218
203218
213218
3727
13727
113727
103727
203727
213727
452
10452
110452
100452
200452
210452
3352
13352
113352
103352
203352
213352
194
10194
110194
100194
200194
210194
3132
13132
113132
103132
203132
213132
3907
13907
113907
103907
203907
213907
3615
13615
113615
103615
203615
213615
673
10673
110673
100673
200673
210673
3047
13047
113047
103047
203047
213047
3063
13063
113063
103063
203063
213063
3072
13072
113072
103072
203072
213072
680
10680
110680
100680
200680
210680
72
10072
110072
100072
200072
210072
895
10895
110895
100895
200895
210895
3220
13220
113220
103220
203220
213220
4248
14248
114248
104248
204248
214248
3326
13326
113326
103326
203326
213326
321
10321
110321
100321
200321
210321
4202
14202
114202
104202
204202
214202
3962
13962
113962
103962
203962
213962
3055
13055
113055
103055
203055
213055
849
10849
110849
100849
200849
210849
852
10852
110852
100852
200852
210852
4117
14117
114117
104117
204117
214117
3487
13487
113487
103487
203487
213487
3251
13251
113251
103251
203251
213251
2974
12974
112974
102974
202974
212974
365
10365
110365
100365
200365
210365
734
10734
110734
100734
200734
210734
3848
13848
113848
103848
203848
213848
2966
12966
112966
102966
202966
212966
794
10794
110794
100794
200794
210794
872
10872
110872
100872
200872
210872
491
10491
110491
100491
200491
210491
4197
14197
114197
104197
204197
214197
3639
13639
113639
103639
203639
213639
3557
13557
113557
103557
203557
213557
269
10269
110269
100269
200269
210269
3089
13089
113089
103089
203089
213089
4257
14257
114257
104257
204257
214257
3330
13330
113330
103330
203330
213330
3273
13273
113273
103273
203273
213273
155
10155
110155
100155
200155
210155
3853
13853
113853
103853
203853
213853
198
10198
110198
100198
200198
210198
250
10250
110250
100250
200250
210250
1026
11026
111026
101026
201026
211026
3145
13145
113145
103145
203145
213145
249
10249
110249
100249
200249
210249
1000
11000
111000
101000
201000
211000
3077
13077
113077
103077
203077
213077
261
10261
110261
100261
200261
210261
606
10606
110606
100606
200606
210606
501
10501
110501
100501
200501
210501
4246
14246
114246
104246
204246
214246
963
10963
110963
100963
200963
210963
4297
14297
114297
104297
204297
214297
769
10769
110769
100769
200769
210769
3629
13629
113629
103629
203629
213629
217
10217
110217
100217
200217
210217
876
10876
110876
100876
200876
210876
4301
14301
114301
104301
204301
214301
3293
13293
113293
103293
203293
213293
598
10598
110598
100598
200598
210598
3099
13099
113099
103099
203099
213099
4049
14049
114049
104049
204049
214049
804
10804
110804
100804
200804
210804
423
10423
110423
100423
200423
210423
633
10633
110633
100633
200633
210633
3830
13830
113830
103830
203830
213830
3763
13763
113763
103763
203763
213763
283
10283
110283
100283
200283
210283
1006
11006
111006
101006
201006
211006
3348
13348
113348
103348
203348
213348
3202
13202
113202
103202
203202
213202
158
10158
110158
100158
200158
210158
1013
11013
111013
101013
201013
211013
8
10008
110008
100008
200008
210008
385
10385
110385
100385
200385
210385
3675
13675
113675
103675
203675
213675
3956
13956
113956
103956
203956
213956
4158
14158
114158
104158
204158
214158
3137
13137
113137
103137
203137
213137
4234
14234
114234
104234
204234
214234
3186
13186
113186
103186
203186
213186
209
10209
110209
100209
200209
210209
492
10492
110492
100492
200492
210492
94
10094
110094
100094
200094
210094
3683
13683
113683
103683
203683
213683
4050
14050
114050
104050
204050
214050
3076
13076
113076
103076
203076
213076
4111
14111
114111
104111
204111
214111
2981
12981
112981
102981
202981
212981
3803
13803
113803
103803
203803
213803
3222
13222
113222
103222
203222
213222
3662
13662
113662
103662
203662
213662
3113
13113
113113
103113
203113
213113
672
10672
110672
100672
200672
210672
1004
11004
111004
101004
201004
211004
571
10571
110571
100571
200571
210571
282
10282
110282
100282
200282
210282
737
10737
110737
100737
200737
210737
3459
13459
113459
103459
203459
213459
2952
12952
112952
102952
202952
212952
3881
13881
113881
103881
203881
213881
490
10490
110490
100490
200490
210490
3159
13159
113159
103159
203159
213159
418
10418
110418
100418
200418
210418
113
10113
110113
100113
200113
210113
108
10108
110108
100108
200108
210108
692
10692
110692
100692
200692
210692
280
10280
110280
100280
200280
210280
3385
13385
113385
103385
203385
213385
3918
13918
113918
103918
203918
213918
932
10932
110932
100932
200932
210932
627
10627
110627
100627
200627
210627
39
10039
110039
100039
200039
210039
3631
13631
113631
103631
203631
213631
928
10928
110928
100928
200928
210928
3250
13250
113250
103250
203250
213250
3569
13569
113569
103569
203569
213569
572
10572
110572
100572
200572
210572
900
10900
110900
100900
200900
210900
317
10317
110317
100317
200317
210317
605
10605
110605
100605
200605
210605
373
10373
110373
100373
200373
210373
611
10611
110611
100611
200611
210611
3910
13910
113910
103910
203910
213910
3703
13703
113703
103703
203703
213703
3401
13401
113401
103401
203401
213401
3767
13767
113767
103767
203767
213767
3513
13513
113513
103513
203513
213513
623
10623
110623
100623
200623
210623
3142
13142
113142
103142
203142
213142
3280
13280
113280
103280
203280
213280
383
10383
110383
100383
200383
210383
4089
14089
114089
104089
204089
214089
3450
13450
113450
103450
203450
213450
917
10917
110917
100917
200917
210917
273
10273
110273
100273
200273
210273
54
10054
110054
100054
200054
210054
789
10789
110789
100789
200789
210789
931
10931
110931
100931
200931
210931
689
10689
110689
100689
200689
210689
29
10029
110029
100029
200029
210029
3997
13997
113997
103997
203997
213997
772
10772
110772
100772
200772
210772
171
10171
110171
100171
200171
210171
3842
13842
113842
103842
203842
213842
3894
13894
113894
103894
203894
213894
3068
13068
113068
103068
203068
213068
2997
12997
112997
102997
202997
212997
2977
12977
112977
102977
202977
212977
4242
14242
114242
104242
204242
214242
915
10915
110915
100915
200915
210915
334
10334
110334
100334
200334
210334
728
10728
110728
100728
200728
210728
474
10474
110474
100474
200474
210474
3100
13100
113100
103100
203100
213100
836
10836
110836
100836
200836
210836
3277
13277
113277
103277
203277
213277
3107
13107
113107
103107
203107
213107
4159
14159
114159
104159
204159
214159
2975
12975
112975
102975
202975
212975
442
10442
110442
100442
200442
210442
3789
13789
113789
103789
203789
213789
3454
13454
113454
103454
203454
213454
4276
14276
114276
104276
204276
214276
4225
14225
114225
104225
204225
214225
426
10426
110426
100426
200426
210426
3719
13719
113719
103719
203719
213719
3752
13752
113752
103752
203752
213752
3705
13705
113705
103705
203705
213705
435
10435
110435
100435
200435
210435
559
10559
110559
100559
200559
210559
4200
14200
114200
104200
204200
214200
812
10812
110812
100812
200812
210812
3676
13676
113676
103676
203676
213676
3311
13311
113311
103311
203311
213311
957
10957
110957
100957
200957
210957
3066
13066
113066
103066
203066
213066
522
10522
110522
100522
200522
210522
4256
14256
114256
104256
204256
214256
266
10266
110266
100266
200266
210266
3199
13199
113199
103199
203199
213199
509
10509
110509
100509
200509
210509
3124
13124
113124
103124
203124
213124
806
10806
110806
100806
200806
210806
4231
14231
114231
104231
204231
214231
447
10447
110447
100447
200447
210447
671
10671
110671
100671
200671
210671
4034
14034
114034
104034
204034
214034
3136
13136
113136
103136
203136
213136
216
10216
110216
100216
200216
210216
3943
13943
113943
103943
203943
213943
4233
14233
114233
104233
204233
214233
518
10518
110518
100518
200518
210518
884
10884
110884
100884
200884
210884
3572
13572
113572
103572
203572
213572
403
10403
110403
100403
200403
210403
3012
13012
113012
103012
203012
213012
26
10026
110026
100026
200026
210026
4235
14235
114235
104235
204235
214235
2960
12960
112960
102960
202960
212960
3312
13312
113312
103312
203312
213312
801
10801
110801
100801
200801
210801
3916
13916
113916
103916
203916
213916
3567
13567
113567
103567
203567
213567
3038
13038
113038
103038
203038
213038
3144
13144
113144
103144
203144
213144
182
10182
110182
100182
200182
210182
3642
13642
113642
103642
203642
213642
7
10007
110007
100007
200007
210007
3308
13308
113308
103308
203308
213308
3886
13886
113886
103886
203886
213886
302
10302
110302
100302
200302
210302
4059
14059
114059
104059
204059
214059
3400
13400
113400
103400
203400
213400
4000
14000
114000
104000
204000
214000
4069
14069
114069
104069
204069
214069
3336
13336
113336
103336
203336
213336
994
10994
110994
100994
200994
210994
4062
14062
114062
104062
204062
214062
306
10306
110306
100306
200306
210306
846
10846
110846
100846
200846
210846
10
10010
110010
100010
200010
210010
3518
13518
113518
103518
203518
213518
97
10097
110097
100097
200097
210097
45
10045
110045
100045
200045
210045
81
10081
110081
100081
200081
210081
4009
14009
114009
104009
204009
214009
3668
13668
113668
103668
203668
213668
339
10339
110339
100339
200339
210339
3967
13967
113967
103967
203967
213967
65
10065
110065
100065
200065
210065
3028
13028
113028
103028
203028
213028
4166
14166
114166
104166
204166
214166
3409
13409
113409
103409
203409
213409
2968
12968
112968
102968
202968
212968
822
10822
110822
100822
200822
210822
4190
14190
114190
104190
204190
214190
3057
13057
113057
103057
203057
213057
780
10780
110780
100780
200780
210780
721
10721
110721
100721
200721
210721
352
10352
110352
100352
200352
210352
96
10096
110096
100096
200096
210096
438
10438
110438
100438
200438
210438
4184
14184
114184
104184
204184
214184
3649
13649
113649
103649
203649
213649
3820
13820
113820
103820
203820
213820
3574
13574
113574
103574
203574
213574
3873
13873
113873
103873
203873
213873
883
10883
110883
100883
200883
210883
3210
13210
113210
103210
203210
213210
556
10556
110556
100556
200556
210556
3162
13162
113162
103162
203162
213162
3189
13189
113189
103189
203189
213189
701
10701
110701
100701
200701
210701
2932
12932
112932
102932
202932
212932
3580
13580
113580
103580
203580
213580
618
10618
110618
100618
200618
210618
3067
13067
113067
103067
203067
213067
4092
14092
114092
104092
204092
214092
24
10024
110024
100024
200024
210024
106
10106
110106
100106
200106
210106
4306
14306
114306
104306
204306
214306
3723
13723
113723
103723
203723
213723
3678
13678
113678
103678
203678
213678
3272
13272
113272
103272
203272
213272
196
10196
110196
100196
200196
210196
3933
13933
113933
103933
203933
213933
639
10639
110639
100639
200639
210639
3638
13638
113638
103638
203638
213638
691
10691
110691
100691
200691
210691
3868
13868
113868
103868
203868
213868
4175
14175
114175
104175
204175
214175
3228
13228
113228
103228
203228
213228
3903
13903
113903
103903
203903
213903
386
10386
110386
100386
200386
210386
3060
13060
113060
103060
203060
213060
589
10589
110589
100589
200589
210589
375
10375
110375
100375
200375
210375
496
10496
110496
100496
200496
210496
4167
14167
114167
104167
204167
214167
3443
13443
113443
103443
203443
213443
553
10553
110553
100553
200553
210553
270
10270
110270
100270
200270
210270
3931
13931
113931
103931
203931
213931
3415
13415
113415
103415
203415
213415
3177
13177
113177
103177
203177
213177
3613
13613
113613
103613
203613
213613
610
10610
110610
100610
200610
210610
324
10324
110324
100324
200324
210324
3696
13696
113696
103696
203696
213696
937
10937
110937
100937
200937
210937
716
10716
110716
100716
200716
210716
4153
14153
114153
104153
204153
214153
3667
13667
113667
103667
203667
213667
995
10995
110995
100995
200995
210995
3091
13091
113091
103091
203091
213091
3185
13185
113185
103185
203185
213185
3363
13363
113363
103363
203363
213363
969
10969
110969
100969
200969
210969
992
10992
110992
100992
200992
210992
3263
13263
113263
103263
203263
213263
272
10272
110272
100272
200272
210272
4088
14088
114088
104088
204088
214088
382
10382
110382
100382
200382
210382
236
10236
110236
100236
200236
210236
4283
14283
114283
104283
204283
214283
3981
13981
113981
103981
203981
213981
3940
13940
113940
103940
203940
213940
612
10612
110612
100612
200612
210612
3444
13444
113444
103444
203444
213444
3619
13619
113619
103619
203619
213619
3302
13302
113302
103302
203302
213302
3321
13321
113321
103321
203321
213321
172
10172
110172
100172
200172
210172
347
10347
110347
100347
200347
210347
4129
14129
114129
104129
204129
214129
326
10326
110326
100326
200326
210326
4299
14299
114299
104299
204299
214299
4058
14058
114058
104058
204058
214058
4130
14130
114130
104130
204130
214130
3965
13965
113965
103965
203965
213965
2980
12980
112980
102980
202980
212980
420
10420
110420
100420
200420
210420
3456
13456
113456
103456
203456
213456
464
10464
110464
100464
200464
210464
3976
13976
113976
103976
203976
213976
3155
13155
113155
103155
203155
213155
186
10186
110186
100186
200186
210186
503
10503
110503
100503
200503
210503
211
10211
110211
100211
200211
210211
3735
13735
113735
103735
203735
213735
713
10713
110713
100713
200713
210713
330
10330
110330
100330
200330
210330
380
10380
110380
100380
200380
210380
833
10833
110833
100833
200833
210833
133
10133
110133
100133
200133
210133
286
10286
110286
100286
200286
210286
3532
13532
113532
103532
203532
213532
856
10856
110856
100856
200856
210856
3121
13121
113121
103121
203121
213121
3713
13713
113713
103713
203713
213713
3715
13715
113715
103715
203715
213715
3958
13958
113958
103958
203958
213958
869
10869
110869
100869
200869
210869
362
10362
110362
100362
200362
210362
463
10463
110463
100463
200463
210463
30
10030
110030
100030
200030
210030
3168
13168
113168
103168
203168
213168
4063
14063
114063
104063
204063
214063
319
10319
110319
100319
200319
210319
3245
13245
113245
103245
203245
213245
3364
13364
113364
103364
203364
213364
3428
13428
113428
103428
203428
213428
3882
13882
113882
103882
203882
213882
3031
13031
113031
103031
203031
213031
3509
13509
113509
103509
203509
213509
489
10489
110489
100489
200489
210489
3762
13762
113762
103762
203762
213762
4270
14270
114270
104270
204270
214270
636
10636
110636
100636
200636
210636
4229
14229
114229
104229
204229
214229
3461
13461
113461
103461
203461
213461
4070
14070
114070
104070
204070
214070
448
10448
110448
100448
200448
210448
3085
13085
113085
103085
203085
213085
378
10378
110378
100378
200378
210378
730
10730
110730
100730
200730
210730
3523
13523
113523
103523
203523
213523
3453
13453
113453
103453
203453
213453
870
10870
110870
100870
200870
210870
419
10419
110419
100419
200419
210419
3236
13236
113236
103236
203236
213236
3183
13183
113183
103183
203183
213183
765
10765
110765
100765
200765
210765
3040
13040
113040
103040
203040
213040
3347
13347
113347
103347
203347
213347
3589
13589
113589
103589
203589
213589
718
10718
110718
100718
200718
210718
3405
13405
113405
103405
203405
213405
238
10238
110238
100238
200238
210238
4112
14112
114112
104112
204112
214112
454
10454
110454
100454
200454
210454
3836
13836
113836
103836
203836
213836
813
10813
110813
100813
200813
210813
3017
13017
113017
103017
203017
213017
3429
13429
113429
103429
203429
213429
3058
13058
113058
103058
203058
213058
555
10555
110555
100555
200555
210555
389
10389
110389
100389
200389
210389
3927
13927
113927
103927
203927
213927
77
10077
110077
100077
200077
210077
910
10910
110910
100910
200910
210910
3237
13237
113237
103237
203237
213237
3075
13075
113075
103075
203075
213075
982
10982
110982
100982
200982
210982
3825
13825
113825
103825
203825
213825
675
10675
110675
100675
200675
210675
4178
14178
114178
104178
204178
214178
3275
13275
113275
103275
203275
213275
3120
13120
113120
103120
203120
213120
3402
13402
113402
103402
203402
213402
795
10795
110795
100795
200795
210795
3849
13849
113849
103849
203849
213849
3773
13773
113773
103773
203773
213773
591
10591
110591
100591
200591
210591
3591
13591
113591
103591
203591
213591
3148
13148
113148
103148
203148
213148
4258
14258
114258
104258
204258
214258
4116
14116
114116
104116
204116
214116
3143
13143
113143
103143
203143
213143
170
10170
110170
100170
200170
210170
3999
13999
113999
103999
203999
213999
508
10508
110508
100508
200508
210508
48
10048
110048
100048
200048
210048
682
10682
110682
100682
200682
210682
4132
14132
114132
104132
204132
214132
4281
14281
114281
104281
204281
214281
3586
13586
113586
103586
203586
213586
3270
13270
113270
103270
203270
213270
279
10279
110279
100279
200279
210279
3655
13655
113655
103655
203655
213655
839
10839
110839
100839
200839
210839
911
10911
110911
100911
200911
210911
3425
13425
113425
103425
203425
213425
372
10372
110372
100372
200372
210372
862
10862
110862
100862
200862
210862
1016
11016
111016
101016
201016
211016
837
10837
110837
100837
200837
210837
993
10993
110993
100993
200993
210993
402
10402
110402
100402
200402
210402
436
10436
110436
100436
200436
210436
3309
13309
113309
103309
203309
213309
4095
14095
114095
104095
204095
214095
4147
14147
114147
104147
204147
214147
98
10098
110098
100098
200098
210098
635
10635
110635
100635
200635
210635
874
10874
110874
100874
200874
210874
964
10964
110964
100964
200964
210964
2998
12998
112998
102998
202998
212998
707
10707
110707
100707
200707
210707
35
10035
110035
100035
200035
210035
3493
13493
113493
103493
203493
213493
934
10934
110934
100934
200934
210934
337
10337
110337
100337
200337
210337
3582
13582
113582
103582
203582
213582
3441
13441
113441
103441
203441
213441
3925
13925
113925
103925
203925
213925
897
10897
110897
100897
200897
210897
99
10099
110099
100099
200099
210099
3565
13565
113565
103565
203565
213565
688
10688
110688
100688
200688
210688
697
10697
110697
100697
200697
210697
291
10291
110291
100291
200291
210291
430
10430
110430
100430
200430
210430
534
10534
110534
100534
200534
210534
90
10090
110090
100090
200090
210090
3431
13431
113431
103431
203431
213431
540
10540
110540
100540
200540
210540
3256
13256
113256
103256
203256
213256
3887
13887
113887
103887
203887
213887
80
10080
110080
100080
200080
210080
3313
13313
113313
103313
203313
213313
642
10642
110642
100642
200642
210642
3464
13464
113464
103464
203464
213464
2993
12993
112993
102993
202993
212993
954
10954
110954
100954
200954
210954
974
10974
110974
100974
200974
210974
3118
13118
113118
103118
203118
213118
136
10136
110136
100136
200136
210136
3718
13718
113718
103718
203718
213718
945
10945
110945
100945
200945
210945
546
10546
110546
100546
200546
210546
990
10990
110990
100990
200990
210990
3521
13521
113521
103521
203521
213521
3690
13690
113690
103690
203690
213690
3559
13559
113559
103559
203559
213559
972
10972
110972
100972
200972
210972
3338
13338
113338
103338
203338
213338
3592
13592
113592
103592
203592
213592
493
10493
110493
100493
200493
210493
388
10388
110388
100388
200388
210388
517
10517
110517
100517
200517
210517
999
10999
110999
100999
200999
210999
3883
13883
113883
103883
203883
213883
3478
13478
113478
103478
203478
213478
3588
13588
113588
103588
203588
213588
3990
13990
113990
103990
203990
213990
231
10231
110231
100231
200231
210231
4068
14068
114068
104068
204068
214068
3562
13562
113562
103562
203562
213562
3790
13790
113790
103790
203790
213790
202
10202
110202
100202
200202
210202
212
10212
110212
100212
200212
210212
616
10616
110616
100616
200616
210616
3710
13710
113710
103710
203710
213710
824
10824
110824
100824
200824
210824
3382
13382
113382
103382
203382
213382
3447
13447
113447
103447
203447
213447
73
10073
110073
100073
200073
210073
580
10580
110580
100580
200580
210580
3053
13053
113053
103053
203053
213053
3617
13617
113617
103617
203617
213617
289
10289
110289
100289
200289
210289
4295
14295
114295
104295
204295
214295
2936
12936
112936
102936
202936
212936
888
10888
110888
100888
200888
210888
371
10371
110371
100371
200371
210371
85
10085
110085
100085
200085
210085
74
10074
110074
100074
200074
210074
0
10000
110000
100000
200000
210000
4151
14151
114151
104151
204151
214151
3505
13505
113505
103505
203505
213505
3407
13407
113407
103407
203407
213407
864
10864
110864
100864
200864
210864
3390
13390
113390
103390
203390
213390
3610
13610
113610
103610
203610
213610
200
10200
110200
100200
200200
210200
4221
14221
114221
104221
204221
214221
507
10507
110507
100507
200507
210507
432
10432
110432
100432
200432
210432
3674
13674
113674
103674
203674
213674
201
10201
110201
100201
200201
210201
3551
13551
113551
103551
203551
213551
3078
13078
113078
103078
203078
213078
3770
13770
113770
103770
203770
213770
62
10062
110062
100062
200062
210062
898
10898
110898
100898
200898
210898
3233
13233
113233
103233
203233
213233
3497
13497
113497
103497
203497
213497
173
10173
110173
100173
200173
210173
335
10335
110335
100335
200335
210335
3745
13745
113745
103745
203745
213745
2971
12971
112971
102971
202971
212971
255
10255
110255
100255
200255
210255
439
10439
110439
100439
200439
210439
3670
13670
113670
103670
203670
213670
3672
13672
113672
103672
203672
213672
3692
13692
113692
103692
203692
213692
4244
14244
114244
104244
204244
214244
3314
13314
113314
103314
203314
213314
3498
13498
113498
103498
203498
213498
443
10443
110443
100443
200443
210443
252
10252
110252
100252
200252
210252
3115
13115
113115
103115
203115
213115
242
10242
110242
100242
200242
210242
666
10666
110666
100666
200666
210666
4261
14261
114261
104261
204261
214261
3182
13182
113182
103182
203182
213182
4031
14031
114031
104031
204031
214031
3989
13989
113989
103989
203989
213989
4134
14134
114134
104134
204134
214134
4223
14223
114223
104223
204223
214223
3571
13571
113571
103571
203571
213571
4074
14074
114074
104074
204074
214074
3249
13249
113249
103249
203249
213249
614
10614
110614
100614
200614
210614
3622
13622
113622
103622
203622
213622
259
10259
110259
100259
200259
210259
4265
14265
114265
104265
204265
214265
3821
13821
113821
103821
203821
213821
3020
13020
113020
103020
203020
213020
253
10253
110253
100253
200253
210253
4012
14012
114012
104012
204012
214012
657
10657
110657
100657
200657
210657
3611
13611
113611
103611
203611
213611
78
10078
110078
100078
200078
210078
3782
13782
113782
103782
203782
213782
2976
12976
112976
102976
202976
212976
619
10619
110619
100619
200619
210619
4243
14243
114243
104243
204243
214243
327
10327
110327
100327
200327
210327
3539
13539
113539
103539
203539
213539
4228
14228
114228
104228
204228
214228
886
10886
110886
100886
200886
210886
2970
12970
112970
102970
202970
212970
3838
13838
113838
103838
203838
213838
4091
14091
114091
104091
204091
214091
3044
13044
113044
103044
203044
213044
3777
13777
113777
103777
203777
213777
967
10967
110967
100967
200967
210967
538
10538
110538
100538
200538
210538
3684
13684
113684
103684
203684
213684
3822
13822
113822
103822
203822
213822
88
10088
110088
100088
200088
210088
3491
13491
113491
103491
203491
213491
3643
13643
113643
103643
203643
213643
3526
13526
113526
103526
203526
213526
2956
12956
112956
102956
202956
212956
3813
13813
113813
103813
203813
213813
1023
11023
111023
101023
201023
211023
4044
14044
114044
104044
204044
214044
574
10574
110574
100574
200574
210574
3223
13223
113223
103223
203223
213223
892
10892
110892
100892
200892
210892
3833
13833
113833
103833
203833
213833
4150
14150
114150
104150
204150
214150
554
10554
110554
100554
200554
210554
3577
13577
113577
103577
203577
213577
499
10499
110499
100499
200499
210499
778
10778
110778
100778
200778
210778
4073
14073
114073
104073
204073
214073
947
10947
110947
100947
200947
210947
4188
14188
114188
104188
204188
214188
3826
13826
113826
103826
203826
213826
749
10749
110749
100749
200749
210749
3006
13006
113006
103006
203006
213006
199
10199
110199
100199
200199
210199
82
10082
110082
100082
200082
210082
329
10329
110329
100329
200329
210329
3654
13654
113654
103654
203654
213654
3383
13383
113383
103383
203383
213383
3389
13389
113389
103389
203389
213389
4039
14039
114039
104039
204039
214039
548
10548
110548
100548
200548
210548
3862
13862
113862
103862
203862
213862
754
10754
110754
100754
200754
210754
674
10674
110674
100674
200674
210674
3165
13165
113165
103165
203165
213165
4126
14126
114126
104126
204126
214126
3651
13651
113651
103651
203651
213651
3138
13138
113138
103138
203138
213138
203
10203
110203
100203
200203
210203
582
10582
110582
100582
200582
210582
56
10056
110056
100056
200056
210056
3030
13030
113030
103030
203030
213030
3152
13152
113152
103152
203152
213152
3880
13880
113880
103880
203880
213880
1005
11005
111005
101005
201005
211005
858
10858
110858
100858
200858
210858
818
10818
110818
100818
200818
210818
566
10566
110566
100566
200566
210566
717
10717
110717
100717
200717
210717
3528
13528
113528
103528
203528
213528
3948
13948
113948
103948
203948
213948
579
10579
110579
100579
200579
210579
2927
12927
112927
102927
202927
212927
841
10841
110841
100841
200841
210841
4219
14219
114219
104219
204219
214219
3845
13845
113845
103845
203845
213845
3276
13276
113276
103276
203276
213276
241
10241
110241
100241
200241
210241
3923
13923
113923
103923
203923
213923
40
10040
110040
100040
200040
210040
3029
13029
113029
103029
203029
213029
3774
13774
113774
103774
203774
213774
2999
12999
112999
102999
202999
212999
3996
13996
113996
103996
203996
213996
340
10340
110340
100340
200340
210340
592
10592
110592
100592
200592
210592
3877
13877
113877
103877
203877
213877
3545
13545
113545
103545
203545
213545
3535
13535
113535
103535
203535
213535
3184
13184
113184
103184
203184
213184
3934
13934
113934
103934
203934
213934
3018
13018
113018
103018
203018
213018
941
10941
110941
100941
200941
210941
3835
13835
113835
103835
203835
213835
4008
14008
114008
104008
204008
214008
3741
13741
113741
103741
203741
213741
4183
14183
114183
104183
204183
214183
3149
13149
113149
103149
203149
213149
51
10051
110051
100051
200051
210051
3318
13318
113318
103318
203318
213318
3581
13581
113581
103581
203581
213581
748
10748
110748
100748
200748
210748
820
10820
110820
100820
200820
210820
4051
14051
114051
104051
204051
214051
18
10018
110018
100018
200018
210018
3936
13936
113936
103936
203936
213936
4098
14098
114098
104098
204098
214098
3334
13334
113334
103334
203334
213334
3814
13814
113814
103814
203814
213814
966
10966
110966
100966
200966
210966
179
10179
110179
100179
200179
210179
3634
13634
113634
103634
203634
213634
551
10551
110551
100551
200551
210551
214
10214
110214
100214
200214
210214
3013
13013
113013
103013
203013
213013
1
10001
110001
100001
200001
210001
164
10164
110164
100164
200164
210164
213
10213
110213
100213
200213
210213
3983
13983
113983
103983
203983
213983
3397
13397
113397
103397
203397
213397
3824
13824
113824
103824
203824
213824
292
10292
110292
100292
200292
210292
4241
14241
114241
104241
204241
214241
3623
13623
113623
103623
203623
213623
4266
14266
114266
104266
204266
214266
793
10793
110793
100793
200793
210793
31
10031
110031
100031
200031
210031
258
10258
110258
100258
200258
210258
3434
13434
113434
103434
203434
213434
4164
14164
114164
104164
204164
214164
396
10396
110396
100396
200396
210396
962
10962
110962
100962
200962
210962
129
10129
110129
100129
200129
210129
597
10597
110597
100597
200597
210597
4263
14263
114263
104263
204263
214263
790
10790
110790
100790
200790
210790
625
10625
110625
100625
200625
210625
453
10453
110453
100453
200453
210453
3043
13043
113043
103043
203043
213043
4176
14176
114176
104176
204176
214176
3372
13372
113372
103372
203372
213372
3653
13653
113653
103653
203653
213653
4032
14032
114032
104032
204032
214032
400
10400
110400
100400
200400
210400
204
10204
110204
100204
200204
210204
38
10038
110038
100038
200038
210038
3065
13065
113065
103065
203065
213065
3959
13959
113959
103959
203959
213959
3380
13380
113380
103380
203380
213380
613
10613
110613
100613
200613
210613
4288
14288
114288
104288
204288
214288
3630
13630
113630
103630
203630
213630
183
10183
110183
100183
200183
210183
3772
13772
113772
103772
203772
213772
3666
13666
113666
103666
203666
213666
894
10894
110894
100894
200894
210894
2983
12983
112983
102983
202983
212983
3758
13758
113758
103758
203758
213758
3775
13775
113775
103775
203775
213775
206
10206
110206
100206
200206
210206
2953
12953
112953
102953
202953
212953
4155
14155
114155
104155
204155
214155
783
10783
110783
100783
200783
210783
3394
13394
113394
103394
203394
213394
346
10346
110346
100346
200346
210346
91
10091
110091
100091
200091
210091
3492
13492
113492
103492
203492
213492
4029
14029
114029
104029
204029
214029
395
10395
110395
100395
200395
210395
