456
885
440
3139
3844
956
428
92
4122
131
3211
3664
3477
3721
755
4194
630
831
4054
2985
1007
877
3122
2943
980
651
889
567
159
4010
585
251
3278
3534
4185
444
829
3291
600
935
720
3878
226
104
3889
3064
2944
363
3023
823
782
421
3507
3810
3680
195
3465
3391
3289
832
47
505
356
3161
162
3041
3939
184
3187
124
387
3819
523
550
3583
13
220
3301
3479
257
42
891
724
3716
2950
3895
86
3292
965
4274
455
3317
128
3942
3413
3103
4260
596
3944
719
3737
3442
3899
59
3398
653
757
3414
3805
959
3345
4271
4055
646
3339
303
848
539
44
177
392
3579
3920
2990
1002
4053
379
2921
726
359
3175
3011
3079
4204
53
3151
620
320
3858
185
3729
4254
594
4152
561
744
4285
83
4247
424
3375
3905
3212
3000
679
3191
156
284
3872
4186
318
3341
827
3300
3269
3987
3549
3681
4296
3929
3316
16
3748
4210
607
3900
498
227
165
3395
588
3101
369
2965
565
3555
868
3287
3861
873
4230
944
4239
3954
3054
233
3197
3829
3804
807
4085
971
537
702
3496
3087
952
314
3756
3257
593
3373
360
472
777
4168
3743
921
875
3310
609
698
210
3050
3209
4165
3435
4094
656
3537
3082
112
3698
3973
664
3163
4217
3831
3785
983
568
497
3766
799
3108
427
3217
4087
519
685
3009
4187
4001
3129
322
3214
55
3516
583
3399
908
3846
731
2918
4169
3761
4157
163
3702
643
3167
4161
960
3205
316
3411
3285
4291
1014
531
3543
4127
3595
328
4181
727
3319
746
118
520
3771
4253
863
652
3860
3322
3812
608
3656
3884
905
2941
3090
248
3908
2940
3863
3157
998
3093
3840
4279
350
148
700
4030
3365
500
3781
126
3216
805
4102
478
4203
3342
3546
628
4081
3686
3993
3349
405
376
471
467
3095
246
68
3519
3841
3783
541
3368
3714
4052
351
107
3418
3204
920
3754
3508
3146
3004
3307
3369
3968
22
4201
3042
3069
3235
955
3876
3677
655
3253
3466
3689
3857
3451
3970
3935
3556
3215
3340
866
477
404
141
732
3799
750
3333
3924
3852
3102
4143
3357
3331
3597
4170
815
450
808
3267
3246
103
3170
4139
670
3919
4064
4046
15
221
2986
3712
3353
3025
4280
668
147
3736
3984
4290
4110
3128
495
3198
175
4205
451
821
3985
3815
384
3112
3711
377
3722
4262
4162
4002
3961
305
851
3105
348
695
3975
4041
3913
357
4082
294
19
225
3949
3605
3195
638
4131
599
3299
677
278
313
4056
364
3485
3158
3271
951
759
3855
3416
907
976
3255
3947
4004
603
3073
943
949
411
4100
4015
847
3476
3885
535
4128
235
368
154
768
61
3744
3784
3717
3230
3701
311
3396
3016
970
4156
842
3160
115
3695
542
3575
4019
3938
3268
3570
3471
3797
3502
987
3547
979
624
4287
3412
3164
3166
3599
434
3660
296
809
178
3436
3915
4065
4107
460
345
800
641
394
961
219
3123
3982
3960
549
4267
3682
3614
3080
3731
735
3327
2920
776
3377
3259
398
3593
4238
71
811
3626
3602
3134
3260
859
3794
3991
437
1018
3867
887
3594
3969
2935
137
3896
3627
3226
2930
3950
4179
149
4305
3480
3892
4119
3265
3560
1003
308
475
4302
3506
3738
3370
3406
916
3522
578
787
3818
11
530
904
3381
234
3156
3181
3512
3206
4213
3284
758
3213
3515
109
742
3635
3971
3708
3171
3374
4294
3644
4180
893
761
3576
265
3026
4220
143
298
3807
3928
1009
3430
160
577
4140
146
3897
3568
406
169
293
715
168
3648
150
121
3046
3673
705
513
3458
650
760
544
3328
3203
2949
3350
381
470
930
4289
4174
3659
4023
215
3793
3550
28
3499
524
4061
87
3062
197
3603
37
560
4033
709
4284
667
140
2963
770
756
714
1024
3219
3423
3432
3747
699
3553
4136
27
736
506
187
3869
3439
3607
34
271
3632
482
3697
3059
50
4277
3707
4005
459
3865
3541
3874
1017
973
2982
879
274
288
3448
4113
516
3296
3298
285
3208
860
696
3604
764
3624
3174
3994
663
3335
3194
397
3188
3739
323
441
3045
2979
4108
3008
4077
4218
3440
342
189
857
958
4048
95
3408
4124
3274
3081
3679
3071
468
4300
277
3587
660
3834
4146
3070
3851
393
2938
882
988
2959
205
3791
3244
771
989
4042
4067
119
180
788
786
3972
3601
3261
223
127
3231
483
391
3746
101
370
722
3470
3358
3452
504
4177
4043
708
510
57
899
4142
3419
3510
4211
3871
343
4135
4097
3379
3596
2987
413
2988
3061
3036
3641
2991
295
3367
3238
763
3119
845
925
2928
3417
3520
3438
3116
3404
830
803
458
3002
3007
3179
3048
662
414
968
3294
3650
2925
3094
181
237
487
669
3979
3133
3795
3037
312
3266
3847
3951
665
3201
511
4252
991
3207
710
3750
3192
703
880
4208
3548
3033
645
111
797
3001
361
4016
20
3092
3988
4018
3817
130
174
557
4099
3457
3014
3952
3172
2
3533
167
6
254
529
2967
3953
3248
781
835
3282
355
399
3332
3351
3169
207
125
3126
543
647
3371
3366
3356
3106
333
3474
3806
75
564
3665
558
3514
3325
2929
3671
940
466
3854
262
923
2939
3921
4013
745
4215
4026
4304
3926
33
547
2946
3475
4090
3652
3930
41
3800
562
3780
4206
3558
3787
2957
3446
570
615
4148
4199
4141
4123
315
281
4212
325
224
144
341
3032
3725
3503
462
3955
390
4038
449
4259
5
2992
747
3578
3694
3021
792
3612
4047
3495
3669
775
3426
3490
349
367
2919
145
984
3932
3243
996
3297
617
773
3010
1008
741
3467
725
2951
4264
3760
584
4104
4298
711
412
3917
3621
3977
997
601
878
4222
3360
157
854
853
3392
3463
260
3329
79
3600
3088
245
881
2989
3221
865
3625
3224
9
3992
3540
310
3039
3658
218
4125
4173
3504
3661
481
3035
410
2978
3225
3232
3527
100
3384
114
3859
3945
683
526
4027
3879
4272
3135
648
802
933
3584
3393
486
3127
977
738
3544
3468
3083
228
3422
3693
494
151
3573
950
3832
1022
946
3699
358
480
4080
3618
3015
3986
353
3606
3688
3957
1011
3837
3241
4114
659
3229
939
3709
3305
661
232
3473
4121
445
733
2961
287
63
3720
622
629
4227
681
263
913
12
3019
176
336
3914
89
161
4144
3130
354
3481
2994
425
3751
4293
2924
4014
634
3801
485
654
3240
590
4003
1001
762
3734
301
102
240
4171
3264
4007
3542
690
694
297
4079
3726
1021
767
4021
942
3111
4196
525
2942
3154
4103
3486
3483
4195
2958
3909
3808
3912
3974
687
188
3074
871
890
3946
640
575
576
3828
3114
229
4086
3898
3286
4154
4245
2964
276
3759
3636
243
152
3776
3779
139
3410
84
3554
4160
4172
2995
4017
3798
3742
366
3645
52
3608
779
3427
192
417
3530
4303
3445
268
4209
922
2922
4115
3086
532
3388
344
66
3104
3455
3802
465
2962
331
3051
304
512
4255
948
834
4040
58
4192
2923
4278
595
142
4251
2955
2972
3728
401
4071
3003
3227
4232
936
4
3511
2926
3324
3875
3585
3691
132
3733
3888
3637
975
3687
796
753
3500
469
4084
3049
4149
4145
502
230
49
3424
1012
843
2954
3628
429
3303
3378
4093
3609
76
3153
3178
4105
3262
3757
602
819
2973
816
3386
3995
17
222
3117
476
239
3620
3131
3978
2937
3866
686
684
4101
3598
191
2933
3097
901
4207
4273
3788
712
3765
587
93
637
3685
4249
3796
3646
4024
4028
3566
4096
3870
4037
3489
208
3753
2934
569
2969
4214
431
422
3732
4078
729
2947
3234
338
36
4182
3283
433
3856
3839
407
581
1019
4060
110
4193
3616
626
488
4189
3561
4006
3769
3337
649
3963
855
3141
117
3354
825
3387
527
4011
919
752
69
4250
4066
3906
256
927
70
678
902
3590
867
563
3809
903
3657
3140
938
514
299
521
981
4138
4198
3524
290
4025
3937
3966
3472
3150
631
3005
32
123
244
415
3517
484
740
307
986
912
3768
3901
3811
4076
3096
676
3176
906
4057
850
4163
739
309
838
46
896
3730
4282
153
25
4226
3893
275
461
4109
3850
3304
3254
3252
67
4224
116
2945
3295
3376
533
3941
120
3998
3536
743
3501
3529
3462
3484
604
706
3816
3362
3034
3449
3552
3279
3125
60
3437
409
766
4268
3433
332
4137
3633
4216
573
840
3359
193
14
3288
4286
3173
785
105
3421
138
3024
64
3469
828
3420
408
3306
3488
791
3563
3911
3891
4236
3494
3749
3964
704
3792
3843
784
3315
826
3343
2931
3346
3864
1015
4120
3239
4133
3531
3700
3890
3290
4045
3740
3022
4237
3460
644
1025
3355
552
457
190
473
536
4191
4072
23
3247
909
3525
1020
658
621
4292
774
926
3052
3200
135
166
4118
3
3193
3190
3778
21
3323
3056
4240
953
3281
3109
3242
3403
817
3724
4269
247
586
122
4020
3823
3786
3755
3706
918
693
2984
751
2996
861
4275
4106
3564
810
3764
528
723
374
479
3147
4083
1010
3663
545
929
3640
3904
3647
978
798
3084
3027
4036
3827
300
3110
632
985
814
3902
924
844
3704
446
416
43
3361
267
3320
4035
2948
264
3196
3922
3344
4022
4075
3098
3180
515
3482
3980
134
3258
914
3538
3218
3727
452
3352
194
3132
3907
3615
673
3047
3063
3072
680
72
895
3220
4248
3326
321
4202
3962
3055
849
852
4117
3487
3251
2974
365
734
3848
2966
794
872
491
4197
3639
3557
269
3089
4257
3330
3273
155
3853
198
250
1026
3145
249
1000
3077
261
606
501
4246
963
4297
769
3629
217
876
4301
3293
598
3099
4049
804
423
633
3830
3763
283
1006
3348
3202
158
1013
8
385
3675
3956
4158
3137
4234
3186
209
492
94
3683
4050
3076
4111
2981
3803
3222
3662
3113
672
1004
571
282
737
3459
2952
3881
490
3159
418
113
108
692
280
3385
3918
932
627
39
3631
928
3250
3569
572
900
317
605
373
611
3910
3703
3401
3767
3513
623
3142
3280
383
4089
3450
917
273
54
789
931
689
29
3997
772
171
3842
3894
3068
2997
2977
4242
915
334
728
474
3100
836
3277
3107
4159
2975
442
3789
3454
4276
4225
426
3719
3752
3705
435
559
4200
812
3676
3311
957
3066
522
4256
266
3199
509
3124
806
4231
447
671
4034
3136
216
3943
4233
518
884
3572
403
3012
26
4235
2960
3312
801
3916
3567
3038
3144
182
3642
7
3308
3886
302
4059
3400
4000
4069
3336
994
4062
306
846
10
3518
97
45
81
4009
3668
339
3967
65
3028
4166
3409
2968
822
4190
3057
780
721
352
96
438
4184
3649
3820
3574
3873
883
3210
556
3162
3189
701
2932
3580
618
3067
4092
24
106
4306
3723
3678
3272
196
3933
639
3638
691
3868
4175
3228
3903
386
3060
589
375
496
4167
3443
553
270
3931
3415
3177
3613
610
324
3696
937
716
4153
3667
995
3091
3185
3363
969
992
3263
272
4088
382
236
4283
3981
3940
612
3444
3619
3302
3321
172
347
4129
326
4299
4058
4130
3965
2980
420
3456
464
3976
3155
186
503
211
3735
713
330
380
833
133
286
3532
856
3121
3713
3715
3958
869
362
463
30
3168
4063
319
3245
3364
3428
3882
3031
3509
489
3762
4270
636
4229
3461
4070
448
3085
378
730
3523
3453
870
419
3236
3183
765
3040
3347
3589
718
3405
238
4112
454
3836
813
3017
3429
3058
555
389
3927
77
910
3237
3075
982
3825
675
4178
3275
3120
3402
795
3849
3773
591
3591
3148
4258
4116
3143
170
3999
508
48
682
4132
4281
3586
3270
279
3655
839
911
3425
372
862
1016
837
993
402
436
3309
4095
4147
98
635
874
964
2998
707
35
3493
934
337
3582
3441
3925
897
99
3565
688
697
291
430
534
90
3431
540
3256
3887
80
3313
642
3464
2993
954
974
3118
136
3718
945
546
990
3521
3690
3559
972
3338
3592
493
388
517
999
3883
3478
3588
3990
231
4068
3562
3790
202
212
616
3710
824
3382
3447
73
580
3053
3617
289
4295
2936
888
371
85
74
0
4151
3505
3407
864
3390
3610
200
4221
507
432
3674
201
3551
3078
3770
62
898
3233
3497
173
335
3745
2971
255
439
3670
3672
3692
4244
3314
3498
443
252
3115
242
666
4261
3182
4031
3989
4134
4223
3571
4074
3249
614
3622
259
4265
3821
3020
253
4012
657
3611
78
3782
2976
619
4243
327
3539
4228
886
2970
3838
4091
3044
3777
967
538
3684
3822
88
3491
3643
3526
2956
3813
1023
4044
574
3223
892
3833
4150
554
3577
499
778
4073
947
4188
3826
749
3006
199
82
329
3654
3383
3389
4039
548
3862
754
674
3165
4126
3651
3138
203
582
56
3030
3152
3880
1005
858
818
566
717
3528
3948
579
2927
841
4219
3845
3276
241
3923
40
3029
3774
2999
3996
340
592
3877
3545
3535
3184
3934
3018
941
3835
4008
3741
4183
3149
51
3318
3581
748
820
4051
18
3936
4098
3334
3814
966
179
3634
551
214
3013
1
164
213
3983
3397
3824
292
4241
3623
4266
793
31
258
3434
4164
396
962
129
597
4263
790
625
453
3043
4176
3372
3653
4032
400
204
38
3065
3959
3380
613
4288
3630
183
3772
3666
894
2983
3758
3775
206
2953
4155
783
3394
346
91
3492
4029
395
