005622
001915
005894
006120
002412
000902
005036
006101
004012
005748
005171
001951
003128
004680
002818
000949
001769
007040
005038
004791
001716
003254
000592
007311
003344
002049
006547
003927
003644
006521
006745
005147
007260
001046
006501
000207
007446
001341
007448
001596
006124
000466
000920
007314
006421
006293
001529
006215
004811
004421
003422
005859
007018
000438
004852
004344
003378
002870
004966
000906
005544
006442
002600
007310
004407
004149
003115
004071
003751
001357
000873
006700
001767
005928
006106
000003
007255
006181
004480
005499
003075
005757
001928
006633
000145
003399
003753
003652
003890
005464
006960
004844
002422
005547
000262
007233
003410
006625
003151
000067
005226
003997
001208
006682
001320
000580
000639
000840
001332
000717
000405
002145
001115
007086
005482
006558
002809
002425
002775
002082
005358
003196
004771
004568
005019
002266
002647
001049
004828
002427
004802
003145
003574
003696
007244
000519
004621
000320
001480
000146
006063
003878
003057
007256
004524
002788
001606
001191
000739
003421
000099
002823
004963
002094
001576
000785
006084
005124
002777
007066
001742
000688
004101
000413
003772
005500
004085
003853
001304
004422
000041
004488
006324
002757
000012
003706
004958
004778
000564
003409
005238
001826
005964
007145
003955
003888
002842
004847
002386
000031
001260
000576
006886
003582
002182
005740
001383
003448
006874
007019
002172
003204
003040
006069
005006
003818
002861
004799
004651
001841
001467
003266
007098
002342
002405
007106
002685
002672
000198
005360
005561
001553
001463
007208
002568
001892
006453
006035
006088
000230
002747
002604
003767
004642
005079
005248
006396
001336
002341
004258
007296
004444
003932
005890
002483
002445
004776
006419
002829
001645
006146
001216
006297
001803
002691
004869
007305
006900
001765
007226
002982
003037
002091
004244
000400
001977
000399
001103
001441
003234
006648
004138
000690
005922
000441
004202
007418
001671
005462
000306
003646
001013
002025
004282
006400
002038
002124
000820
001427
003036
002274
003305
003393
004259
002736
006508
006536
004703
003908
000699
006570
000993
001486
005586
003808
006847
002372
004162
001225
000322
000138
002754
005879
005768
002361
003348
000858
006488
003164
003686
002564
004397
003591
001221
003085
003400
002630
007085
001263
005089
002382
006140
006956
006461
004135
001599
004418
007093
003972
002686
000937
001643
001844
002607
000865
001506
005369
000312
001181
004544
003803
005632
004237
006938
006753
005998
007257
000224
005829
006151
003999
000539
007273
002608
005654
003525
001118
007385
003014
003837
000759
001602
005199
004940
006539
003637
002111
005568
006020
001072
001325
002590
002529
006412
006979
006233
000770
005917
003335
007452
000864
002391
000599
001489
006226
000155
001414
003337
005000
000257
004053
006427
006829
003398
000282
001562
004264
000326
007180
004618
005230
004768
004649
003131
001404
001206
005180
003153
004064
003597
005966
000830
002081
006246
006631
002811
004026
002260
002889
003272
003309
006189
001329
000384
006370
000478
000909
002569
002455
006526
006114
006783
001809
000884
004177
002793
002056
004523
004545
005681
005237
000309
002411
002136
000624
005370
005069
003709
005864
007024
000163
006693
000033
001379
000283
001449
004274
000563
004683
004180
000160
000213
007301
002669
004682
002922
001711
001157
004652
003017
004361
004835
004272
005994
006334
006191
002388
002295
003790
006636
004787
007042
002394
006066
006871
006382
004633
001771
003246
001131
004685
001589
000357
007157
000588
003152
006990
001044
006161
002232
005597
004928
006686
004755
003268
003358
005887
001736
003625
006680
004980
004302
003111
001242
002307
001235
003386
002958
003079
000658
005799
004589
002670
004729
004623
006322
003030
001384
003575
003814
004622
003984
006949
003364
000144
003604
001783
002070
001053
003146
005772
000402
003178
003317
003744
001607
002346
002955
003838
003959
003453
000139
000768
003412
006664
004508
000157
002390
001017
002122
005306
002074
001418
005694
004731
002666
005245
005182
006935
003791
003098
001531
003175
005663
001828
000737
006258
002883
003377
004715
003580
004995
003295
001921
004172
000584
004604
007209
005254
001797
000115
004814
004477
000878
000575
001213
003372
000772
001865
003985
007475
006005
007249
002879
006413
002611
002059
005416
007076
000345
005901
003965
003467
003138
001980
006839
004993
005963
000859
001696
003995
001733
000409
007100
004052
004816
002170
003983
002905
006872
006306
002508
001377
006316
006201
000330
001810
005867
001212
006445
003783
002885
006148
006086
001842
000344
004247
007077
001996
007167
004677
000390
004681
005389
004867
001526
003277
002367
007350
006003
001626
002840
004853
006263
004470
004366
004989
007028
005616
001985
001572
004465
005813
000266
006098
001672
002397
006108
005165
003824
004565
002998
001890
004530
000860
006614
001940
000895
003589
006083
003740
003274
001751
002256
006638
001450
002135
006775
000103
000335
002485
005633
005491
000096
005635
006247
005950
005042
004754
005960
000321
001945
007419
003169
006654
001998
002132
003850
000922
002311
004330
005666
004648
004121
002481
003802
005346
001917
003506
002901
001542
006803
000894
005495
003220
004280
001871
004769
005048
004855
006718
004205
005161
000347
006467
007243
002229
000753
003199
003685
000451
001211
003451
002831
004067
001735
005820
002357
004898
002466
006832
004725
005984
004878
003102
005610
005112
002041
004922
006240
000537
005647
004537
001762
002378
005207
007416
001062
002533
006880
000244
002458
005645
007436
000083
004413
003099
006977
006585
000129
004099
007052
000829
001830
007008
003388
004348
004321
004536
004327
002306
001879
002679
006951
002020
000870
005449
005704
001058
000130
002031
000100
004999
005895
003593
004203
000280
000745
002538
006788
006556
002407
005421
007161
007332
000632
001069
007177
007121
003405
001987
004700
006260
000178
006778
003292
000610
003885
005127
004839
005778
006496
004672
004039
000097
004055
004433
005596
005443
001016
007331
000994
003436
006358
003859
000063
004782
003620
000036
004757
004956
001560
000235
006924
004721
002222
002813
005168
000210
006011
002289
005075
003302
000065
003362
000664
000633
003629
006876
005159
002543
003110
002761
005445
006193
002199
003109
001503
000456
004248
000930
003259
004762
005453
000505
005228
002899
006423
001692
005959
007070
006429
005528
001979
001398
005233
006025
006431
000619
000080
006548
003843
003592
002476
005339
002612
001278
002682
004912
000044
004707
000990
000808
006824
001544
003849
005803
007198
006661
006965
003895
002787
001346
005392
007461
002639
001935
000734
004009
002293
002846
007056
006853
001219
006769
004086
000069
003745
005927
003743
005551
007354
002795
004638
004037
005988
005755
003419
003632
005985
004837
004959
001518
002129
001028
006232
002360
006326
004169
006267
002251
006740
001887
001003
004171
004892
004355
002015
007031
001245
002638
000640
007007
000334
006292
000192
001136
005970
004720
000455
004142
006379
006522
002946
004801
003049
002504
001978
002006
004405
006314
002623
006113
007403
003431
004146
005608
006010
000750
006670
001727
000841
003130
005860
000706
002233
001749
003654
004195
003581
003257
001006
000579
002866
003370
005678
001916
000695
004143
004514
002893
002302
003224
003821
005513
002085
006141
002416
007338
005311
000948
001335
007361
003262
002773
006766
003906
004343
004076
005332
000705
005424
007003
001983
003929
002599
006270
006915
007282
003659
003907
000777
000733
002595
001087
000923
002552
004625
006958
003351
007269
007275
002969
000921
006325
001986
004354
005658
002011
000311
003624
000587
001447
005451
007000
002156
005989
003896
004372
007321
002956
006212
003545
005380
007340
004331
005263
005340
003650
000655
005653
004187
005774
006809
006476
001303
007186
004118
003127
000612
004692
005602
001129
005915
006564
005483
006224
005118
006623
000513
005298
002213
004120
003123
000348
001264
007113
007356
000179
000654
000042
005425
003356
002791
005892
005913
006210
004502
001515
002531
002164
000608
004777
001314
004908
000200
005394
005321
004429
000615
005974
002152
007191
005612
003391
005145
000918
004549
003479
003540
007116
003252
007365
005224
006593
002389
001470
004759
002215
004961
001457
001464
005923
003031
003171
002248
005796
000062
007267
006580
005626
007258
002520
007139
001086
006052
006498
001351
004189
002392
001964
000652
005583
002903
005782
004954
002281
006345
002355
001588
003533
001799
006087
005155
004370
002304
001678
004193
001269
005047
003826
004501
002847
001840
006274
006893
007148
005190
004252
004584
002677
005123
004868
005137
005152
002140
001955
004730
005885
004948
002952
003035
004114
004285
004466
001163
005566
003382
002269
005507
005004
000742
000760
005209
005797
002456
006620
007032
001756
001151
004345
004386
000243
005009
003053
005494
003134
000819
006692
002674
000512
007064
005242
003090
006697
002308
006198
002317
001554
001471
001722
006523
003634
006576
003058
006538
004123
004201
002423
003325
002921
007006
000636
003475
005508
006251
001738
006223
004219
000697
002536
003939
004546
004388
001839
002089
001958
006726
006608
000671
005564
000250
000558
006420
004153
005511
007343
005498
001827
006524
002644
000603
005023
007185
000868
003282
004425
001096
005268
002855
006596
006840
006822
002839
003463
005846
003757
000756
006793
002113
001029
005097
003785
005851
002574
001031
000704
006970
003947
000623
003578
005068
003918
003595
000764
004653
004301
006810
000613
002162
002396
000491
003903
003996
006179
001036
000665
004679
001178
007122
007196
007175
003663
000055
006554
005368
005061
000649
005115
006351
006549
007232
005787
002211
002910
004014
006133
007074
002280
003668
001938
006930
004815
004643
004417
004022
006889
007329
002420
006077
006577
005243
001924
001971
006152
003385
004196
006640
003614
005422
005762
004547
006599
004818
006841
001741
003921
002783
006433
003119
003428
004798
003251
000303
001680
005158
003648
000325
004271
007351
004551
005665
004358
003515
002443
002325
003091
005372
006574
000435
001745
000996
007172
001959
002205
003771
000725
005107
006543
004242
004808
005606
006079
000975
007223
004131
007090
005790
006797
002745
000136
004217
004368
007096
001514
005716
000969
006954
002973
000754
002107
001391
007216
001789
001675
004690
003779
002278
005060
006600
000743
006239
007212
003225
003694
004973
007460
000124
000635
001604
004803
000789
006347
001273
001250
001833
003425
002410
003518
004232
000525
002935
006724
007306
003522
007065
006910
006190
004573
001744
007014
003874
003635
002417
003074
000218
004245
000767
006007
000522
003662
000118
001444
004614
006192
001166
002121
003765
002005
002097
001288
000242
006385
004714
001700
001185
005020
004381
005367
000211
003825
005865
001895
004609
000908
003968
001047
006183
007279
003622
004770
003321
002989
002820
002286
005041
006908
006688
001124
006980
003190
001547
001020
006397
000239
002328
002592
000351
001882
003271
007163
006372
002642
000040
003572
005343
000023
003363
004734
005476
006244
006573
001849
002475
000392
004387
004079
005524
002371
002807
005377
000252
002166
006388
003839
000528
001284
000795
004518
000373
000853
007190
001305
005080
000029
007035
003216
004165
006774
005909
003047
003796
007445
001706
006772
000032
007392
003702
005353
004693
004003
002042
000957
005982
003275
001975
004290
002068
004399
002160
005472
002116
002992
005262
005417
002009
004597
006761
001835
000532
005212
004512
002186
005958
006752
001060
003510
002844
002934
002618
000255
005976
006001
002990
006999
007220
004865
007395
004040
006243
004385
001834
005604
002255
006451
002084
006589
002294
003323
004813
002368
003020
006290
000497
004817
006320
006605
004506
007412
000968
003080
004019
002858
006196
001238
003478
003688
006296
004977
002853
001023
003157
000365
005151
004078
003319
004054
001801
002724
007387
002002
006122
005638
001043
004312
000185
001371
001177
007346
007295
004065
000933
004467
005261
004216
002789
005418
002664
004487
007111
007043
001608
000302
001877
006142
002078
001780
001656
001757
002570
001612
007262
003558
000815
004007
005576
000050
005177
005729
005314
002544
001266
000073
002470
003958
001968
004735
002996
001587
004746
006092
004941
003884
000788
000148
006504
003221
006126
001497
000842
003727
001760
002046
000833
005344
000951
002318
000617
002117
001972
000515
006097
004141
005039
003438
001897
002250
003504
005824
004150
002583
001354
002819
003864
000379
002273
002224
000872
000296
000182
005649
003761
005323
001423
003527
002419
006685
005479
000714
005345
004971
003242
001204
007384
005442
006229
006695
006503
004020
006610
004043
007150
003901
007266
000095
005501
006027
002585
005149
006764
000974
005460
004905
005908
003875
000711
006038
004183
005792
004859
004133
004098
001878
006040
001012
004824
004069
000675
002687
003846
006288
004676
000333
000273
001605
000793
006858
004981
003830
004324
001150
002207
001712
000668
006555
003766
003180
004765
004830
001901
004010
000773
001318
006202
005302
000723
005935
000240
006047
000285
001822
000904
006868
002555
003601
004087
006257
004081
002064
002408
004478
000527
006690
004538
000912
004356
000375
001170
006121
001405
005615
004303
006866
003437
001007
002437
007298
000107
003715
002627
005198
005141
005407
007429
003806
004059
000683
004105
002662
004227
006147
003202
002275
004374
003957
004569
006717
004503
005550
000102
001448
004441
003735
000140
004306
005536
006081
000729
006846
003064
000268
005746
007411
007152
007410
004910
005856
000079
005956
005756
006831
002954
006950
003414
001340
004790
004157
007288
005348
007057
005726
001173
001413
003986
002409
003898
002123
006751
000420
002414
002567
002350
003555
000016
007166
000259
005077
001893
004178
004741
006819
000199
003003
001994
005535
003774
005760
001571
004077
001319
001903
004611
002491
004833
003083
000598
003129
006045
002641
004369
005830
007229
004322
006591
003873
002631
002637
002230
004628
001201
005682
007230
006934
004933
007117
001254
006946
006100
007320
001681
003760
005234
003793
006720
000676
002192
007359
005025
002967
001776
001184
004717
000731
005613
002609
007165
004794
000327
000342
004380
007308
003384
006058
005305
006361
000114
006749
005600
002072
005882
006446
006352
003976
002057
004140
004887
000961
006416
004627
001389
006989
000222
007293
004960
005166
002920
000149
000301
004513
002098
000560
005455
005066
007459
006612
003294
002245
006487
004382
006491
006562
003841
003068
004896
007224
001679
006607
005373
001900
004550
002707
005807
005954
002013
002675
005930
003719
000813
003139
001147
002331
001334
006489
000162
005548
006649
003174
006021
001543
006067
000295
001743
004696
002756
007231
002720
000656
002193
004317
001180
003072
005594
003038
001859
003283
004006
002338
005933
006552
003508
003697
004917
001790
004147
000359
003756
003206
006975
001317
007400
007197
002452
006398
002925
000786
005282
000448
000219
002930
006575
001358
003967
003298
000650
002890
002220
003177
003429
006861
000506
005090
001045
006149
004482
002208
006041
005659
001310
001176
001545
000043
001364
001355
007382
006032
005745
000206
002183
001710
005307
002438
001615
003857
002465
005143
002014
001718
003401
005765
003086
007238
003352
006377
006517
002741
003156
002860
005334
003982
003639
004137
006878
006376
000153
005439
001507
003511
001451
006034
001344
000628
000260
005386
004586
006299
001582
002499
006792
007289
001796
007317
001090
002511
001435
005186
001737
004598
004292
003638
003160
005054
001725
006199
003172
006844
004403
003256
000744
000685
001995
004829
005411
001487
002917
005187
000657
007225
005444
003948
004832
001161
004042
003852
004175
006711
004809
001569
005082
002065
002128
006931
004986
006160
006364
004139
001401
003368
000692
003217
003943
005557
005834
000544
006327
003106
005285
001936
004916
002510
004359
001466
005758
000463
000984
006944
003801
001175
007315
002187
001492
002017
001686
002168
001458
003404
001920
001989
007127
000550
004215
004979
002621
004783
005211
001099
001690
004184
000752
004596
002467
002023
000945
004262
006731
003674
001327
005203
000087
004885
006833
004904
002891
000566
004353
003474
004957
004561
006515
002505
003798
001858
003585
000391
002092
000419
000526
003566
005993
005873
007358
005804
006291
005529
002739
001436
002312
004881
005102
002502
004663
005480
002981
001255
004594
000572
002369
006460
001456
004858
007114
001715
000766
007095
000184
006779
006947
003397
001528
006381
000362
004278
005351
005239
006203
004737
000412
006465
006125
003002
005598
005520
000810
005728
005364
006645
002258
000834
003023
002103
001832
004743
000790
004675
001440
006750
004115
005752
004996
005848
004504
006698
006511
004658
003247
000166
001864
001142
000885
002471
006319
002236
003270
005320
003182
004243
000718
002830
000973
003239
005555
003494
000749
006477
006302
001714
003375
007199
001030
006578
005251
002335
002705
007261
002711
000009
004106
000226
004218
003482
001873
005753
000446
002993
004456
006927
004005
003303
005620
006068
006395
002428
006216
005028
002277
002790
003778
001042
001040
004155
006375
004988
006848
003583
006907
007120
002115
007020
003232
003095
000542
005279
001233
006617
004223
005668
002171
001283
005850
001018
000277
000393
002953
001171
000310
005160
003514
006734
003550
004612
006603
006719
001648
006037
004231
005823
003395
005335
006767
000002
007094
006078
004738
004624
002624
004161
001215
004156
006131
006902
000202
002821
005376
003427
002303
004436
002959
004483
001248
001550
004998
006111
002044
001632
001015
007253
002498
005526
004275
001943
000835
001134
006389
001631
002265
004479
006391
007375
000577
001687
006551
001651
004857
001836
001676
006530
007432
005503
000350
004670
004423
000965
005257
002751
006337
003028
003869
005855
002500
001793
004819
000694
002291
004186
005362
004117
001772
000127
002632
000241
005718
001614
007391
006789
003560
003112
004779
001650
007467
006830
001237
003433
004704
005675
002964
001251
005399
005122
000340
001353
004733
005802
005636
000814
007124
006483
002216
006026
000997
001285
007402
003834
002635
000367
004900
005946
004458
001382
004492
003692
004630
001475
006873
001709
004404
006952
004599
003763
004107
001911
004571
001385
004096
000113
001619
003971
006668
001202
004591
005232
002010
006112
000410
002970
001719
000600
002591
007336
005742
005301
006533
005133
005021
003456
000414
000954
000216
000220
006264
000483
007147
004877
006643
001785
006055
000893
004970
005213
004269
007154
001348
002799
000986
004657
001321
000659
007045
000531
005191
001261
006307
004593
003739
006968
007063
004930
007334
000936
006478
001658
002150
002247
006182
004749
004364
004938
003552
006016
002602
000866
001080
006043
002727
003822
000586
005916
004937
005192
000237
002822
004793
002119
006800
003844
003380
002004
002238
004820
004182
001324
005246
006597
003705
002902
001196
004357
001666
006628
005169
001613
004552
004277
004194
003173
004246
006318
002244
005810
000387
006490
002758
005087
005385
006582
006444
004914
002628
001941
002730
003881
005553
003208
006611
004176
004698
006265
005101
003490
006357
000852
005629
006102
000308
006760
002541
000716
001988
003721
000862
007219
006895
000591
006993
002968
005438
000570
007078
003331
003828
007286
004976
000404
000626
000940
003318
002797
001673
006733
003117
002971
002177
003273
007131
005415
003755
005826
004190
004393
002689
007133
007048
004394
001024
005093
005470
000757
001256
001352
005614
005189
000372
000524
006976
006804
000201
001066
002088
005031
004846
001026
003181
004601
000646
006029
006758
006784
006898
005401
003636
003544
005469
001521
005530
006241
003081
005822
005949
004687
004041
002202
000950
004728
000119
004448
001845
003640
007141
004027
005684
002188
005034
006859
002558
000663
000248
004164
000985
006945
000137
001395
003071
003125
002661
006383
006613
002469
001350
005103
003328
000520
005181
002900
005809
001417
002659
002024
001002
004471
000421
006082
005847
000381
007125
003524
001313
000245
003517
006814
007479
001661
003162
005714
005457
005819
006799
001609
002315
006492
004273
006705
003021
007437
004151
007457
002320
001575
006856
007379
003497
001035
006301
004637
006039
006894
004736
007304
001770
002077
002594
006516
002697
006730
001627
001768
005352
004160
005743
005121
002546
004214
006505
002039
000886
005183
002299
003442
002334
005842
004236
007200
003700
006807
004866
003894
000569
002701
002802
001856
006963
000361
006537
006857
002620
002800
002713
002198
003736
001295
003293
001095
002540
007294
005953
004805
003051
004307
003396
001169
005333
004879
001154
001498
005506
006168
004753
006028
005249
004529
007101
003258
007036
002035
003792
003462
001376
000328
001459
005841
001386
004208
006411
001032
004603
002401
002134
001637
005517
007123
003570
003333
004416
001953
001021
002735
000449
005431
005176
001412
000928
005175
005058
003473
004188
001365
003179
005948
004522
002435
000018
005330
000662
006583
000385
002728
001394
000998
005010
002526
001275
002374
003063
003726
001431
003643
004311
005744
001517
004699
004333
003484
003096
007312
004560
004034
001787
002141
003805
000143
001186
005905
004553
001950
000117
001527
003879
005703
000186
002344
003459
007227
002071
006236
002336
002099
007451
000573
007464
003188
004284
000204
001432
003777
004781
003676
004129
004335
002987
000492
000987
006403
000401
006253
003332
007029
003088
005116
001691
006677
004253
003133
006850
005789
000776
003066
000181
003197
002149
002816
006896
004528
002658
005384
003537
004136
000727
002495
001984
005624
003502
002676
006637
001853
000848
001705
003870
001552
003618
001758
003526
000999
004389
001061
005902
005961
000616
006300
001886
004299
005708
006438
005414
000151
003067
003649
004390
007104
000423
004450
000551
001272
003733
006641
002075
006763
006919
005849
004800
000172
004074
004266
001636
005991
005055
003946
005361
004111
001232
002197
005995
004516
001349
006019
002680
005936
006237
000319
002440
006480
007082
002957
003343
001128
004174
002850
002985
001792
003835
005492
004535
001657
005109
005219
004891
003610
002047
001814
001084
004863
003455
003704
003991
000135
004152
000687
007062
002406
007313
005489
003307
006590
001054
002817
006881
000919
003435
006671
007330
000105
000374
003390
003034
001919
001934
001558
005683
003376
004883
000642
001039
006158
006367
005573
002478
003211
002834
004744
006144
001954
003144
006587
001474
001586
006042
005465
006138
001732
005231
007240
000827
003954
003407
007170
007103
006390
007474
004748
005673
006706
002323
005255
000732
000197
007426
004329
000677
004780
002606
001182
001961
003557
001094
004631
006974
006560
001693
001863
003530
000660
001579
003521
003299
000903
007398
001268
000443
000500
000802
004233
002253
000170
000017
005700
005952
004402
002703
005395
001633
004969
001143
000125
003866
001309
005252
003842
005522
002881
006867
003313
000227
000187
006022
002348
006942
005514
000698
000460
005516
000726
000082
003600
001549
006162
007115
004144
003773
005580
007386
007378
005870
002143
002951
001291
001347
003231
003000
006507
003748
000597
002146
006284
002848
000510
002008
003768
001253
007204
006914
005980
001812
002708
002497
003920
003724
001019
001577
006238
003889
004669
004784
005971
006540
002003
002169
003176
005603
004091
005801
004463
001843
001222
005687
002765
000822
001611
002759
000274
005791
002400
006109
002824
001246
006811
006205
001537
001380
003548
000453
006095
005264
001655
007241
005590
005578
002515
001008
005138
002965
004209
003717
004308
007221
001638
004543
006581
005669
001876
006065
006681
004409
000370
007234
000176
001244
004095
002218
005785
002652
001200
001322
002869
007476
000818
002657
002259
002904
004063
004697
004602
005707
003915
001557
005259
003759
006479
004629
004619
005845
005840
002718
003195
000538
004298
003795
002699
005001
005324
000090
002926
006333
000741
000092
003248
005880
005672
004659
004001
000317
001740
003981
002176
003819
003923
003934
002030
003543
001610
001121
002907
003322
004304
002429
006746
003723
004251
005427
000056
005515
000836
000568
003340
004760
002548
006313
006252
006513
000014
004785
000758
000561
004337
000644
001860
002814
002643
005605
007182
001258
004724
002375
002442
000108
000382
005078
006072
001483
006344
003900
004856
002484
001702
005595
002912
002634
002986
002194
001312
006278
001148
006629
000780
003780
005919
007454
004044
002932
003488
006621
002468
001123
005130
003237
002167
003381
000905
003350
001174
001907
003411
004838
002496
004426
007327
003238
006550
006651
005871
006616
003016
005556
001289
005589
006986
000447
007362
006328
004848
001239
006825
000882
002048
006909
006657
000970
003758
000045
005355
001125
002332
006169
006070
001252
002615
001065
000857
006785
003933
001559
001819
000074
004740
003770
006592
002165
007406
002418
006157
005029
006869
004775
004511
000762
002249
002063
002050
003912
000173
002463
003039
000165
000929
003788
002528
001439
007017
002966
006209
000112
006962
006464
002349
002587
003883
005154
006110
004028
002622
006922
000290
002509
006294
006865
006535
000645
004220
006991
002449
006722
000518
003538
001363
007404
006528
007089
001453
003752
002562
005406
006332
000468
000015
001168
001339
002473
003536
000415
006342
001667
003056
007136
001387
006309
000666
004045
000765
001779
006796
006754
007458
000763
006542
007339
003402
003320
001059
002715
006031
004920
002845
001874
004763
006107
001902
003006
000122
000035
001139
003387
001788
000899
002290
004909
001634
002575
003576
001825
002459
005164
005281
005996
003276
000511
000917
007252
000809
006009
007059
000269
001342
000454
002012
005450
006472
001962
002616
001307
005889
006432
003440
005359
003466
005934
005139
002584
006683
004270
000024
006129
004767
001618
000007
002268
002984
000877
003155
005891
002472
004788
001699
006076
002852
001468
002313
001683
001522
007349
007214
004038
002175
002717
001823
003669
004786
002654
005287
005837
003913
007079
003165
001697
003222
004708
003973
004035
006365
002963
003253
001731
002933
006786
005015
007206
001374
007108
004626
002503
002126
000910
000267
001112
002225
002087
001114
002596
